   -11.7395325     -9.7513143      0.2485630
   -11.7187195    -10.3555325      0.2485087
   -11.6978455    -10.1888974      0.2485275
   -11.6770325    -10.6421813      0.2484237
   -11.6562195    -10.5314701      0.2484814
   -11.6353455    -10.5527554      0.2484507
   -11.6145325    -10.3493751      0.2485424
   -11.5937195    -11.0856040      0.2483611
   -11.5728455    -10.4864111      0.2484594
   -11.5520325    -10.5854351      0.2484755
   -11.5312195    -10.5371032      0.2485059
   -11.5103455    -10.2118566      0.2484964
   -11.4895325    -10.3483801      0.2484651
   -11.4687195    -10.4135828      0.2485730
   -11.4478455     -6.6002421      0.2489937
   -11.4270325     -8.0054126      0.2487753
   -11.4062195    -10.1561735      0.2485673
   -11.3853455     -6.7718951      0.2489803
   -11.3645325     -5.3925428      0.2492319
   -11.3437195     -3.1861460      0.2495178
   -11.3228455     -7.4044587      0.2488741
   -11.3020325     -6.9604047      0.2489824
   -11.2812195     -6.1733192      0.2490981
   -11.2603455     -5.6050302      0.2491117
   -11.2395325     -5.3154189      0.2492171
   -11.2187195     -6.2199195      0.2490355
   -11.1978455     -6.5366838      0.2490277
   -11.1770325     -7.7132675      0.2488163
   -11.1562195     -6.7039905      0.2489505
   -11.1353455     -7.5510264      0.2488729
   -11.1145325     -8.1840103      0.2487732
   -11.0937195     -6.8470034      0.2489306
   -11.0728455     -7.7101392      0.2489984
   -11.0520325     -7.6286976      0.2488486
   -11.0312195     -8.4554406      0.2487498
   -11.0103455     -7.7438696      0.2488482
   -10.9895325     -5.4404033      0.2491690
   -10.9687195     -8.2787260      0.2487903
   -10.9478455     -7.5231590      0.2488987
   -10.9270325     -7.9549584      0.2489293
   -10.9062195     -7.9035499      0.2487921
   -10.8853455     -7.8502545      0.2488497
   -10.8645325     -8.4135123      0.2487206
   -10.8437195     -8.6488869      0.2488349
   -10.8228455     -8.7640930      0.2487115
   -10.8020325     -9.6942047      0.2485567
   -10.7812195     -8.7934815      0.2486918
   -10.7603455     -9.5979701      0.2486111
   -10.7395325     -9.0822830      0.2486968
   -10.7187195     -9.9963006      0.2486104
   -10.6978455     -9.0986354      0.2486413
   -10.6770325     -8.9318785      0.2486731
   -10.6562195     -8.8260459      0.2486908
   -10.6353455     -8.7829413      0.2487136
   -10.6145325     -9.6058128      0.2485899
   -10.5937195     -7.7948970      0.2489919
   -10.5728455     -8.7909516      0.2487700
   -10.5520325     -8.6086744      0.2487018
   -10.5312195     -7.6645614      0.2488858
   -10.5103455     -8.6607937      0.2487093
   -10.4895325     -8.2686535      0.2487667
   -10.4687195     -7.6964084      0.2489432
   -10.4478455     -7.1990039      0.2489536
   -10.4270325     -7.1803096      0.2489126
   -10.4062195     -6.0712131      0.2490956
   -10.3853455     -6.1579021      0.2490498
   -10.3645325     -5.8080877      0.2491690
   -10.3437195     -5.2532979      0.2492703
   -10.3228455     -5.2412368      0.2491692
   -10.3020325     -4.2573762      0.2494341
   -10.2812195     -4.3414360      0.2493498
   -10.2603455     -3.1698083      0.2494435
   -10.2395325     -2.5753012      0.2495801
   -10.2187195     -3.1048651      0.2494974
   -10.1978455     -1.5788795      0.2497050
   -10.1770325     -1.8487751      0.2497211
   -10.1562195     -2.1452951      0.2495748
   -10.1353455     -2.1096587      0.2496546
   -10.1145325     -1.2186601      0.2497097
   -10.0937195     -1.6518469      0.2496492
   -10.0728455     -0.8841703      0.2497801
   -10.0520325     -1.4311450      0.2496869
   -10.0312195     -1.5898936      0.2496569
   -10.0103455     -1.9489546      0.2496004
    -9.9895325     -1.4169242      0.2497423
    -9.9687195     -1.7351903      0.2498123
    -9.9478455     -1.7490423      0.2496268
    -9.9270325     -2.0620482      0.2495874
    -9.9062195     -2.3304895      0.2495583
    -9.8853455     -2.9577805      0.2495963
    -9.8645325     -3.7616045      0.2493790
    -9.8437195     -2.8943469      0.2495068
    -9.8228455     -3.2835098      0.2494238
    -9.8020325     -4.1938106      0.2493448
    -9.7812195     -4.7614683      0.2492339
    -9.7603455     -5.1961914      0.2491926
    -9.7395325     -5.4166291      0.2492199
    -9.7187195     -5.7564866      0.2491094
    -9.6978455     -5.8910479      0.2491694
    -9.6770325     -5.5061610      0.2492447
    -9.6562195     -6.0455002      0.2490950
    -9.6353455     -6.6440558      0.2490226
    -9.6145325     -7.6026718      0.2488546
    -9.5937195     -6.2191672      0.2490876
    -9.5728455     -7.4419560      0.2488785
    -9.5520325     -7.5096137      0.2489083
    -9.5312195     -7.0659786      0.2489647
    -9.5103455     -7.5736722      0.2488677
    -9.4895325     -7.0842343      0.2489735
    -9.4687195     -7.4389500      0.2489310
    -9.4478455     -7.5595769      0.2488839
    -9.4270325     -7.6192538      0.2489739
    -9.4062195     -7.7316936      0.2488833
    -9.3853455     -7.3292853      0.2489950
    -9.3645325     -7.7700021      0.2488681
    -9.3437195     -8.1651257      0.2488358
    -9.3228455     -7.8677328      0.2488392
    -9.3020325     -7.7688752      0.2489072
    -9.2812195     -7.4994239      0.2489560
    -9.2603455     -7.3393990      0.2489150
    -9.2395325     -7.3513785      0.2489317
    -9.2187195     -6.8105357      0.2490233
    -9.1978455     -6.7916920      0.2489952
    -9.1770325     -7.1988419      0.2489472
    -9.1562195     -6.9072056      0.2489428
    -9.1353455     -6.0907633      0.2490846
    -9.1145325     -7.2616293      0.2489069
    -9.0937195     -6.9135121      0.2489284
    -9.0728455     -7.2934428      0.2489514
    -9.0520325     -6.8859395      0.2489412
    -9.0312195     -7.4618119      0.2489387
    -9.0103455     -7.1774649      0.2489910
    -8.9895325     -7.5610085      0.2488642
    -8.9687195     -7.8490047      0.2488370
    -8.9478455     -7.9046896      0.2488242
    -8.9270325     -7.6421572      0.2488779
    -8.9062195     -7.7965485      0.2488879
    -8.8853455     -8.7994018      0.2487358
    -8.8645325     -8.4928887      0.2488060
    -8.8437195     -8.1843146      0.2488055
    -8.8228455     -8.7297926      0.2487193
    -8.8020325     -8.4041335      0.2488457
    -8.7812195     -8.8335706      0.2487538
    -8.7603455     -8.1980327      0.2488088
    -8.7395325     -8.8607315      0.2486829
    -8.7187195     -8.6996842      0.2487715
    -8.6978455     -9.6388507      0.2486146
    -8.6770325     -9.3987307      0.2486308
    -8.6562195     -8.6969147      0.2487333
    -8.6353455     -9.2264771      0.2486638
    -8.6145325     -9.5734139      0.2486813
    -8.5937195     -9.1058671      0.2486979
    -8.5728455     -9.4002310      0.2486887
    -8.5520325     -9.1728132      0.2486632
    -8.5312195     -8.3618601      0.2488166
    -8.5103455     -8.6737876      0.2487581
    -8.4895325     -7.8298876      0.2488608
    -8.4687195     -8.7062262      0.2487312
    -8.4478455     -6.8410141      0.2490681
    -8.4270325     -7.2428842      0.2489241
    -8.4062195     -6.9703015      0.2489542
    -8.3853455     -6.6569960      0.2490650
    -8.3645325     -5.9050221      0.2491013
    -8.3437195     -5.9771609      0.2491237
    -8.3228455     -4.8889905      0.2492566
    -8.3020325     -4.2345377      0.2493679
    -8.2812195     -3.9888326      0.2493723
    -8.2603455     -3.2674468      0.2495056
    -8.2395325     -3.5378008      0.2494369
    -8.2187195     -2.7335768      0.2496023
    -8.1978455     -2.8265636      0.2495614
    -8.1770325     -1.8426084      0.2496769
    -8.1562195     -1.7708716      0.2497130
    -8.1353455     -1.4140513      0.2497104
    -8.1145325     -1.2629391      0.2497647
    -8.0937195     -0.9056455      0.2497687
    -8.0728455      0.0971247      0.2499734
    -8.0520325     -0.2893490      0.2498713
    -8.0312195     -0.8154466      0.2498220
    -8.0103455     -0.0651087      0.2499034
    -7.9895325     -0.6183243      0.2498413
    -7.9687195     -0.5526807      0.2498368
    -7.9478455     -0.1094869      0.2500562
    -7.9270325     -0.3293099      0.2498426
    -7.9062195     -0.4795089      0.2498406
    -7.8853455     -0.9772179      0.2497783
    -7.8645325     -1.2652195      0.2497641
    -7.8437195     -1.1500554      0.2498232
    -7.8228455     -1.6476720      0.2497022
    -7.8020325     -1.8422958      0.2496835
    -7.7812195     -2.2746025      0.2496167
    -7.7603455     -2.7397319      0.2495748
    -7.7395325     -3.1654052      0.2494965
    -7.7187195     -3.1143223      0.2495082
    -7.6978455     -3.8352444      0.2494466
    -7.6770325     -3.9576306      0.2493730
    -7.6562195     -4.5166684      0.2494200
    -7.6353455     -4.5370911      0.2493634
    -7.6145325     -4.8065577      0.2493534
    -7.5937195     -4.5511737      0.2493407
    -7.5728455     -5.2225801      0.2492384
    -7.5520325     -5.7320056      0.2491345
    -7.5312195     -5.4958095      0.2493055
    -7.5103455     -5.9011815      0.2491606
    -7.4895325     -5.6061268      0.2493321
    -7.4687195     -6.1953517      0.2491060
    -7.4478455     -5.9854578      0.2491672
    -7.4270325     -5.0884424      0.2492368
    -7.4062195     -5.2175231      0.2492591
    -7.3853455     -5.6467881      0.2492190
    -7.3645325     -5.4643263      0.2492089
    -7.3437195     -5.5697861      0.2491912
    -7.3228455     -4.5986361      0.2492973
    -7.3020325     -6.1322561      0.2491075
    -7.2812195     -5.3310493      0.2492006
    -7.2603455     -4.8858735      0.2492963
    -7.2395325     -4.9571256      0.2492669
    -7.2187195     -5.2451122      0.2492592
    -7.1978455     -5.0517662      0.2492777
    -7.1770325     -5.0661472      0.2492873
    -7.1562195     -4.1966761      0.2494546
    -7.1353455     -4.5377666      0.2493177
    -7.1145325     -4.6354120      0.2493148
    -7.0937195     -3.9850112      0.2494187
    -7.0728455     -4.8586650      0.2492700
    -7.0520325     -3.9208772      0.2494659
    -7.0312195     -4.4424771      0.2493331
    -7.0103455     -5.0853260      0.2492505
    -6.9895325     -4.4727947      0.2493197
    -6.9687195     -4.8849450      0.2492640
    -6.9478455     -4.6431736      0.2492935
    -6.9270325     -4.2130243      0.2493728
    -6.9062195     -4.0485241      0.2494041
    -6.8853455     -4.2459863      0.2493913
    -6.8645325     -4.8180976      0.2492859
    -6.8437195     -5.0519350      0.2493555
    -6.8228455     -4.4480119      0.2493254
    -6.8020325     -4.4629401      0.2493804
    -6.7812195     -5.4572714      0.2492105
    -6.7603455     -5.5706103      0.2492170
    -6.7395325     -4.9020360      0.2493055
    -6.7187195     -4.5937386      0.2493049
    -6.6770325     -7.2424760      0.2489307
    -6.6562195     -6.4549142      0.2490659
    -6.6353455     -6.6629215      0.2490571
    -6.6145325     -5.9956035      0.2491194
    -6.5937195     -7.1011287      0.2490409
    -6.5728455     -6.1095932      0.2491581
    -6.5520325     -6.6761337      0.2491449
    -6.5312195     -6.4127723      0.2490821
    -6.5103455     -6.6716216      0.2490422
    -6.4895325     -5.9166606      0.2491570
    -6.4687195     -6.2095554      0.2490963
    -6.4478455     -3.9417205      0.2495911
    -6.4270325     -6.0911006      0.2491624
    -6.4062195     -5.3883239      0.2492783
    -6.3853455     -4.9418600      0.2493159
    -6.3645325     -5.0133032      0.2494488
    -6.3437195     -3.3528837      0.2495510
    -6.3228455     -4.2469544      0.2493650
    -6.3020325     -4.2351745      0.2493807
    -6.2812195     -3.8826991      0.2494162
    -6.2603455     -2.6720626      0.2495839
    -6.2395325     -2.7180391      0.2495928
    -6.2187195     -2.4857225      0.2496462
    -6.1978455     -2.2469704      0.2496556
    -6.1770325     -1.8531510      0.2496680
    -6.1562195     -0.9098688      0.2498524
    -6.1353455      0.3718177      0.2499844
    -6.1145325     -0.3874489      0.2499075
    -6.0937195     -0.6089171      0.2498760
    -6.0728455      1.2507174      0.2501020
    -6.0520325      0.4361770      0.2500710
    -6.0312195      0.1590343      0.2500202
    -6.0103455      0.3022228      0.2500402
    -5.9895325      0.0350947      0.2499134
    -5.9687195      0.5027198      0.2502234
    -5.9478455      0.1348703      0.2499364
    -5.9270325      0.8476042      0.2501136
    -5.9062195      0.0876135      0.2499646
    -5.8853455     -0.3062908      0.2498740
    -5.8645325     -0.1759074      0.2499757
    -5.8437195      0.2569031      0.2499775
    -5.8228455     -0.2282961      0.2499571
    -5.8020325     -1.0333933      0.2498044
    -5.7812195     -1.0261727      0.2498126
    -5.7603455     -1.3389311      0.2497472
    -5.7395325     -1.4364542      0.2497508
    -5.7187195     -2.1168069      0.2496725
    -5.6978455     -1.5793484      0.2497245
    -5.6770325     -2.5212165      0.2496706
    -5.6562195     -3.2054751      0.2495588
    -5.6353455     -3.3425768      0.2495858
    -5.6145325     -3.1082408      0.2496397
    -5.5937195     -3.5085818      0.2494632
    -5.5728455     -3.9550894      0.2494191
    -5.5520325     -4.4095600      0.2494966
    -5.5312195     -4.5538953      0.2494180
    -5.5103455     -5.3238508      0.2493840
    -5.4895325     -5.5267922      0.2492011
    -5.4687195     -5.6255102      0.2491719
    -5.4478455     -5.1371148      0.2493295
    -5.4270325     -5.5208345      0.2492024
    -5.4062195     -5.8046685      0.2491697
    -5.3853455     -6.2754611      0.2491136
    -5.3645325     -5.2868904      0.2492367
    -5.3437195     -5.7021773      0.2491738
    -5.3228455     -5.6075480      0.2492150
    -5.3020325     -6.3434380      0.2491953
    -5.2812195     -5.6981737      0.2491617
    -5.2603455     -5.8949858      0.2491490
    -5.2395325     -5.9058071      0.2491530
    -5.2187195     -5.8570069      0.2491642
    -5.1978455     -5.1326937      0.2492721
    -5.1770325     -5.8271690      0.2491840
    -5.1562195     -5.6385210      0.2491754
    -5.1353455     -5.5509469      0.2492410
    -5.1145325     -5.5829857      0.2492076
    -5.0937195     -5.2275656      0.2492438
    -5.0728455     -5.5735241      0.2492033
    -5.0520325     -5.1290905      0.2493118
    -5.0312195     -4.8610027      0.2493669
    -5.0103455     -5.7922631      0.2491856
    -4.9895325     -5.0327037      0.2492755
    -4.9687195     -5.8230751      0.2491785
    -4.9478455     -5.5322631      0.2493166
    -4.9270325     -5.8286678      0.2491707
    -4.9062195     -5.4284156      0.2492172
    -4.8853455     -6.1176038      0.2490914
    -4.8645325     -5.7025536      0.2492710
    -4.8437195     -5.7182692      0.2492025
    -4.8228455     -6.3182957      0.2491038
    -4.8020325     -6.0638833      0.2492335
    -4.7812195     -6.2365032      0.2491485
    -4.7603455     -6.0861645      0.2491570
    -4.7395325     -5.8816019      0.2492364
    -4.7187195     -6.2553889      0.2491831
    -4.6978455     -6.5885136      0.2490807
    -4.6770325     -6.7855144      0.2490355
    -4.6562195     -6.5765840      0.2491158
    -4.6353455     -7.2430073      0.2490148
    -4.6145325     -7.4075231      0.2490807
    -4.5937195     -7.2083089      0.2491264
    -4.5728455     -6.9640018      0.2490659
    -4.5520325     -7.1117111      0.2490449
    -4.5312195     -7.3241409      0.2489703
    -4.5103455     -7.2119829      0.2490284
    -4.4895325     -7.8932083      0.2489305
    -4.4687195     -7.1364592      0.2490198
    -4.4478455     -7.5701354      0.2489204
    -4.4270325     -6.5697439      0.2491693
    -4.4062195     -6.1213723      0.2491814
    -4.3853455     -6.4578126      0.2492533
    -4.3645325     -6.2699745      0.2492316
    -4.3437195     -5.8965299      0.2492525
    -4.3228455     -5.5019880      0.2492327
    -4.3020325     -4.4220981      0.2493963
    -4.2812195     -4.8876853      0.2493153
    -4.2603455     -4.5884968      0.2493386
    -4.2395325     -4.0986403      0.2494056
    -4.2187195     -3.5419813      0.2495790
    -4.1978455     -2.8004095      0.2496194
    -4.1770325     -2.8042285      0.2495925
    -4.1562195     -2.2646368      0.2496515
    -4.1353455     -2.2655481      0.2496578
    -4.1145325     -1.8821085      0.2497655
    -4.0937195     -1.4307281      0.2497977
    -4.0728455     -0.7945497      0.2499050
    -4.0520325     -0.3375262      0.2499189
    -4.0312195     -1.0255471      0.2498062
    -4.0103455     -0.3428146      0.2498851
    -3.9895325     -0.0223724      0.2499589
    -3.9687195      0.3813901      0.2500323
    -3.9478455      0.9848182      0.2501452
    -3.9270325      0.4702603      0.2500462
    -3.9062195      0.6844623      0.2500890
    -3.8853455      0.4833445      0.2500101
    -3.8645325      0.2993389      0.2501178
    -3.8437195      0.9311135      0.2500871
    -3.8228455      0.6202319      0.2500416
    -3.8020325      0.2838755      0.2500425
    -3.7812195      0.2592454      0.2500042
    -3.7603455     -0.0007492      0.2499378
    -3.7395325     -0.4261021      0.2499312
    -3.7187195     -0.0657740      0.2499619
    -3.6978455     -1.0814333      0.2498781
    -3.6770325     -0.7455257      0.2499293
    -3.6562195     -1.9269660      0.2496836
    -3.6353455     -1.8412670      0.2497424
    -3.6145325     -2.1811778      0.2497098
    -3.5937195     -2.7073357      0.2496799
    -3.5728455     -3.1198183      0.2495135
    -3.5520325     -3.0919866      0.2495459
    -3.5312195     -3.1199614      0.2495590
    -3.5103455     -3.4378523      0.2495835
    -3.4895325     -3.9848552      0.2494837
    -3.4687195     -4.5836058      0.2494306
    -3.4478455     -4.1118773      0.2493896
    -3.4270325     -4.6285921      0.2493813
    -3.4062195     -5.3778545      0.2492417
    -3.3853455     -5.0633749      0.2493075
    -3.3645325     -5.4267671      0.2492435
    -3.3437195     -5.5401026      0.2492434
    -3.3228455     -5.5914025      0.2492317
    -3.3020325     -5.3956193      0.2492377
    -3.2812195     -5.0732500      0.2492597
    -3.2603455     -5.9277606      0.2491804
    -3.2395325     -5.4619509      0.2492679
    -3.2187195     -4.8284880      0.2494004
    -3.1978455     -5.3788541      0.2493129
    -3.1770325     -5.1683024      0.2492834
    -3.1562195     -5.6958248      0.2491753
    -3.1353455     -4.5934073      0.2494349
    -3.1145325     -4.9045295      0.2494154
    -3.0937195     -4.6793440      0.2493112
    -3.0728455     -5.5907081      0.2493486
    -3.0520325     -4.8001025      0.2493160
    -3.0312195     -5.1653226      0.2492646
    -3.0103455     -4.9287955      0.2493903
    -2.9895325     -4.8292867      0.2493677
    -2.9687195     -5.0376511      0.2493523
    -2.9478455     -4.6545140      0.2493884
    -2.9270325     -4.4238067      0.2493764
    -2.9062195     -4.6096781      0.2494246
    -2.8853455     -4.7985764      0.2493488
    -2.8645325     -5.2560308      0.2493022
    -2.8437195     -4.8156883      0.2493189
    -2.8228455     -5.0022523      0.2493215
    -2.8020325     -5.2278512      0.2493021
    -2.7812195     -5.4579983      0.2493402
    -2.7603455     -6.1157552      0.2492605
    -2.7395325     -5.4580243      0.2492493
    -2.7187195     -6.0017142      0.2492153
    -2.6978455     -6.2164951      0.2491531
    -2.6770325     -6.1699465      0.2491443
    -2.6562195     -6.3366353      0.2491125
    -2.6353455     -6.2661676      0.2491287
    -2.6145325     -7.0164852      0.2490408
    -2.5937195     -6.4230307      0.2491705
    -2.5728455     -6.6634207      0.2491218
    -2.5520325     -6.5871975      0.2491523
    -2.5312195     -6.7230172      0.2491276
    -2.5103455     -7.4546146      0.2489792
    -2.4895325     -7.5233663      0.2489959
    -2.4687195     -6.6495210      0.2491704
    -2.4478455     -7.5403640      0.2490891
    -2.4270325     -7.1214056      0.2490492
    -2.4062195     -6.8519815      0.2490591
    -2.3853455     -6.2393114      0.2491738
    -2.3645325     -6.1564687      0.2491539
    -2.3437195     -5.7842567      0.2492263
    -2.3228455     -5.5932909      0.2492767
    -2.3020325     -6.2182592      0.2491267
    -2.2812195     -5.6100529      0.2493312
    -2.2603455     -4.9210489      0.2493856
    -2.2395325     -4.9277890      0.2493905
    -2.2187195     -3.6397033      0.2495306
    -2.1978455     -3.3360154      0.2495613
    -2.1770325     -3.1831867      0.2495900
    -2.1562195     -2.8624368      0.2498199
    -2.1353455     -1.4637747      0.2498618
    -2.1145325     -2.1002578      0.2497153
    -2.0937195     -0.9027257      0.2498932
    -2.0728455     -0.4027721      0.2500083
    -2.0520325     -0.3096687      0.2499971
    -2.0312195     -0.6933184      0.2500391
    -2.0103455      0.2085842      0.2500708
    -1.9895325      0.9272029      0.2501711
    -1.9687195      0.9760501      0.2502150
    -1.9478455      0.8463639      0.2502308
    -1.9270325      2.0415908      0.2503299
    -1.9062195      2.3219665      0.2503554
    -1.8853455      1.8822161      0.2503978
    -1.8645325      2.4603084      0.2504330
    -1.8437195      1.8475722      0.2503767
    -1.8228455      2.6908979      0.2504535
    -1.8020325      2.4790195      0.2504374
    -1.7812195      2.4237829      0.2504769
    -1.7603455      2.6469627      0.2505349
    -1.7395325      2.1225777      0.2504009
    -1.7187195      2.8627652      0.2505193
    -1.6770325      1.2343523      0.2503072
    -1.6562195      0.4390286      0.2502283
    -1.6353455      0.6127002      0.2502748
    -1.6145325     -0.1215204      0.2501383
    -1.5937195     -0.9719912      0.2501249
    -1.5728455     -0.3449404      0.2501585
    -1.5520325     -0.9448538      0.2501311
    -1.5312195     -1.7388113      0.2499808
    -1.5103455     -1.4222790      0.2500798
    -1.4895325     -2.1017617      0.2500340
    -1.4687195     -2.6052806      0.2499051
    -1.4478455     -2.8833525      0.2498801
    -1.4270325     -3.0944062      0.2498901
    -1.4062195     -3.5545880      0.2498362
    -1.3853455     -3.8380978      0.2497970
    -1.3645325     -3.9569547      0.2498476
    -1.3437195     -4.3871730      0.2497551
    -1.3228455     -4.2765043      0.2499950
    -1.3020325     -4.6788829      0.2498114
    -1.2812195     -4.3095034      0.2498899
    -1.2603455     -4.7813863      0.2499372
    -1.2395325     -4.6963994      0.2498918
    -1.2187195     -5.2645409      0.2498130
    -1.1978455     -5.0030769      0.2498862
    -1.1770325     -4.9736117      0.2499060
    -1.1562195     -4.5807153      0.2500938
    -1.1353455     -4.8962828      0.2500471
    -1.1145325     -4.9505155      0.2501320
    -1.0937195     -5.0125176      0.2501892
    -1.0729065     -4.7926992      0.2502139
    -1.0520935     -4.5600336      0.2503065
    -1.0312195     -4.5323752      0.2503063
    -1.0104065     -4.6660360      0.2503015
    -0.9895935     -4.3517984      0.2503480
    -0.9687195     -4.6322684      0.2502833
    -0.9479065     -4.6559948      0.2503363
    -0.9270935     -5.0385926      0.2503195
    -0.9062195     -4.6254355      0.2504667
    -0.8854065     -4.2974773      0.2504839
    -0.8645935     -4.6883913      0.2505432
    -0.8437195     -5.1235981      0.2506635
    -0.8229065     -4.7407641      0.2507129
    -0.8020935     -4.8171170      0.2508187
    -0.7812195     -4.6973606      0.2508723
    -0.7604065     -4.8251890      0.2509467
    -0.7395935     -5.2244951      0.2509453
    -0.7187195     -5.2741156      0.2509858
    -0.6979065     -5.3493601      0.2510398
    -0.6770935     -6.0267146      0.2511232
    -0.6562195     -6.4891309      0.2509190
    -0.6354065     -5.5404466      0.2511124
    -0.6145935     -6.5025204      0.2510975
    -0.5937195     -6.8015061      0.2511385
    -0.5729065     -6.9083398      0.2512240
    -0.5520935     -6.1155541      0.2514010
    -0.5312195     -6.3797528      0.2514566
    -0.5104065     -6.2639821      0.2516131
    -0.4895935     -7.0370618      0.2518488
    -0.4687195     -7.7365446      0.2516931
    -0.4479065     -6.9042176      0.2519963
    -0.4270935     -7.4661394      0.2520408
    -0.4062195     -6.7813787      0.2522581
    -0.3854065     -7.2299121      0.2523483
    -0.3645935     -7.0443915      0.2525535
    -0.3437195     -7.1880012      0.2528376
    -0.3229065     -6.9875023      0.2531111
    -0.3020935     -6.5428239      0.2535584
    -0.2812195     -6.5140293      0.2537791
    -0.2604065     -7.0446897      0.2539597
    -0.2395935     -6.4516850      0.2543578
    -0.2187195     -6.5312180      0.2546828
    -0.1979065     -6.0161476      0.2551410
    -0.1770935     -5.3619263      0.2557297
    -0.1562195     -4.7001533      0.2564636
    -0.1354065     -4.7908549      0.2571825
    -0.1145935     -3.9212346      0.2582985
    -0.0937195     -4.3166566      0.2590101
    -0.0729065     -4.2816307      0.2597916
    -0.0520935     -3.4630224      0.2607743
    -0.0312195     -3.0499351      0.2616476
    -0.0104065     -1.9344540      0.2625091
     0.0104065     -1.8373078      0.2632619
     0.0312805     -1.1929884      0.2640176
     0.0520935     -1.5754990      0.2645630
     0.0729065     -0.6649877      0.2654042
     0.0937805     -0.5033198      0.2663109
     0.1145935     -0.6726734      0.2674167
     0.1354065     -1.1656480      0.2685463
     1.6979065     -1.1259329      0.2526959
     1.7187805     -1.6596885      0.2525782
     1.7395935      0.0709006      0.2527658
     1.7604065      0.3673415      0.2528805
     1.7812805      0.9562681      0.2528153
     1.8020935      2.5957976      0.2529620
     1.8229065      2.4988685      0.2528806
     1.8437805      1.9851545      0.2526825
     1.8645935      3.4131316      0.2527730
     1.8854065      2.5379137      0.2525301
     1.9062805      3.3756842      0.2526269
     1.9270935      3.2536863      0.2526508
     1.9479065      4.3042488      0.2524763
     1.9687805      6.3486218      0.2528078
     1.9895935      6.2515342      0.2526605
     2.0104065      6.6058954      0.2528086
     2.0312805      7.3055611      0.2527615
     2.0520935      7.8728234      0.2528213
     2.0729065      6.9626175      0.2526422
     2.0937805      7.7772616      0.2527990
     2.1145935      8.1083836      0.2527710
     2.1354065      7.9094079      0.2528035
     2.1562805      8.1255098      0.2528538
     2.1770935      8.9429017      0.2527812
     2.1979065      8.8695394      0.2527378
     2.2187805      9.3009057      0.2528185
     2.2395935      9.1993107      0.2526896
     2.2604065      9.8133413      0.2527667
     2.2812805      8.8811863      0.2525827
     2.3020935      8.1741758      0.2525037
     2.3229065      9.3362554      0.2526294
     2.3437805      9.2481564      0.2526089
     2.3645935      8.6783013      0.2524895
     2.3854065      8.9792526      0.2526121
     2.4062805      6.6052129      0.2520866
     2.4270935      6.0018087      0.2520252
     2.4479065      7.8874295      0.2522333
     2.4687805      7.3554447      0.2521754
     2.4895935      6.0786771      0.2519447
     2.5104065      6.0517178      0.2518925
     2.5312805      4.5040256      0.2517171
     2.5520935      4.0338167      0.2516998
     2.5729065      4.3723717      0.2516211
     2.5937805      4.1383539      0.2517043
     2.6145935      4.1991914      0.2515613
     2.6354065      3.3401028      0.2513950
     2.6562805      3.4122286      0.2513725
     2.6770935      2.7508957      0.2512063
     2.6979065      2.3095531      0.2511500
     2.7187805      2.2962900      0.2511665
     2.7395935      1.0504871      0.2509112
     2.7604065      1.4613307      0.2509735
     2.7812805      1.5561619      0.2509366
     2.8020935      0.9428714      0.2508994
     2.8229065      0.9019968      0.2508442
     2.8437195      2.2360428      0.2510219
     2.8645325      0.5498445      0.2507824
     2.8854065      0.7574498      0.2507521
     2.9062195      1.5144803      0.2508355
     2.9270325      1.1272929      0.2507265
     2.9479065      0.4075499      0.2506452
     2.9687195      0.8902720      0.2506979
     2.9895325      1.0724516      0.2507138
     3.0104065      1.1445967      0.2507044
     3.0312195      0.5805246      0.2505480
     3.0520325      0.4884150      0.2506377
     3.0729065      0.4122873      0.2506006
     3.0937195      1.0670649      0.2505951
     3.1145325      0.7228875      0.2505026
     3.1354065      1.3286411      0.2505967
     3.1562195      0.5863200      0.2505168
     3.1770325      0.9628229      0.2505253
     3.1979065      1.1483383      0.2505289
     3.2187195      1.2523957      0.2506052
     3.2395325      1.2322821      0.2505156
     3.2604065      0.7916542      0.2505837
     3.2812195      0.8696821      0.2505495
     3.3020325      2.6001523      0.2506811
     3.3229065      1.3115042      0.2505927
     3.3437195      1.7411254      0.2505220
     3.3645325      1.0562197      0.2504163
     3.3854065      0.8938234      0.2504441
     3.4062195      1.1924480      0.2504085
     3.4270325      1.5013119      0.2504602
     3.4479065      1.3455366      0.2504634
     3.4687195      0.0289434      0.2502447
     3.4895325     -0.6328555      0.2501183
     3.5104065     -0.4110009      0.2501563
     3.5312195     -0.0130513      0.2502219
     3.5520325     -0.8677588      0.2501554
     3.5729065     -0.7035137      0.2501998
     3.5937195     -0.1395671      0.2501863
     3.6145325     -1.2859184      0.2500460
     3.6354065     -0.6545248      0.2501068
     3.6562195     -1.1006956      0.2500366
     3.6770325     -0.3665502      0.2501144
     3.6979065     -1.0315099      0.2500525
     3.7187195     -0.6270991      0.2500479
     3.7395325     -0.2113531      0.2501502
     3.7604065     -0.5413822      0.2501654
     3.7812195     -0.6535534      0.2500613
     3.8020325      0.7908448      0.2502637
     3.8229065      0.5842968      0.2501900
     3.8437195      1.6006082      0.2504308
     3.8645325      0.5509343      0.2502019
     3.8854065      0.5946739      0.2501989
     3.9062195      1.9714510      0.2504967
     3.9270325      1.4159103      0.2502772
     3.9479065      2.8050436      0.2504603
     3.9687195      3.3263037      0.2506067
     3.9895325      2.7902639      0.2505222
     4.0104065      4.0770420      0.2506687
     4.0312195      3.6110036      0.2505612
     4.0520325      4.7654550      0.2507688
     4.0729065      4.5887664      0.2506821
     4.0937195      4.6913132      0.2507123
     4.1145325      6.1462291      0.2509042
     4.1354065      6.4464727      0.2509277
     4.1562195      7.0522578      0.2510611
     4.1770325      6.7299574      0.2509275
     4.1979065      7.3162586      0.2510500
     4.2187195      6.8277441      0.2510092
     4.2395325      7.8207545      0.2511666
     4.2604065      7.7919780      0.2510877
     4.2812195      7.3211970      0.2510051
     4.3020325      7.5170042      0.2510898
     4.3229065      7.5086298      0.2509959
     4.3437195      8.3755797      0.2511635
     4.3645325      7.6488166      0.2510218
     4.3854065      7.8297884      0.2511556
     4.4062195      7.9725071      0.2512346
     4.4270325      7.8514042      0.2510883
     4.4479065      8.3754482      0.2511175
     4.4687195      7.6058890      0.2511892
     4.4895325      6.8707330      0.2509732
     4.5104065      6.6977247      0.2509267
     4.5312195      6.5772167      0.2508857
     4.5520325      5.7114846      0.2508234
     4.5729065      6.1919265      0.2508885
     4.5937195      6.0666601      0.2508268
     4.6145325      5.5527505      0.2507736
     4.6354065      5.4132601      0.2507676
     4.6562195      4.4591654      0.2506391
     4.6770325      4.3262793      0.2505626
     4.6979065      4.4336348      0.2505677
     4.7187195      3.0062192      0.2503758
     4.7395325      3.2571473      0.2505188
     4.7604065      2.8965651      0.2503767
     4.7812195      2.6432879      0.2503249
     4.8020325      2.4912191      0.2502833
     4.8229065      1.9263229      0.2502446
     4.8437195      2.2203295      0.2503189
     4.8645325      1.9636486      0.2504100
     4.8854065      1.9238987      0.2502767
     4.9062195      1.6569396      0.2502217
     4.9270325      1.3694403      0.2502665
     4.9479065      1.2681537      0.2502496
     4.9687195      1.8359744      0.2502956
     4.9895325      1.9382942      0.2503649
     5.0104065      2.1858840      0.2503305
     5.0312195      1.6888989      0.2502225
     5.0520325      1.4514483      0.2501743
     5.0729065      2.8837658      0.2503869
     5.0937195      2.1575768      0.2502783
     5.1145325      2.6061416      0.2505190
     5.1354065      2.1620277      0.2502924
     5.1562195      1.7985421      0.2502020
     5.1770325      2.1402307      0.2503135
     5.1979065      2.2836350      0.2503204
     5.2187195      2.3021208      0.2502724
     5.2395325      2.4996726      0.2503506
     5.2604065      2.9704406      0.2503611
     5.2812195      2.6580526      0.2503610
     5.3020325      2.4564316      0.2503145
     5.3228455      2.0168816      0.2503046
     5.3436585      2.7140334      0.2503804
     5.3645325      2.4171932      0.2503120
     5.3853455      2.6713527      0.2503902
     5.4061585      1.5743739      0.2502157
     5.4270325      1.7657760      0.2502402
     5.4478455      2.0831292      0.2502480
     5.4686585      1.0668559      0.2501641
     5.4895325      1.4080139      0.2502558
     5.5103455      1.5036177      0.2501472
     5.5311585      1.8444490      0.2502584
     5.5520325      1.3319392      0.2502905
     5.5728455      0.5553852      0.2501050
     5.5936585      1.1105706      0.2501741
     5.6145325      1.2113462      0.2501255
     5.6353455      1.2788834      0.2502325
     5.6561585      1.5083860      0.2501940
     5.6770325      0.2615551      0.2499916
     5.6978455     -0.0471912      0.2499597
     5.7186585     -0.1622767      0.2499528
     5.7395325     -0.4723173      0.2499531
     5.7603455      0.1409569      0.2499834
     5.7811585     -0.3981752      0.2499180
     5.8020325      0.3679548      0.2500814
     5.8228455     -0.1319689      0.2499924
     5.8436585      0.6780006      0.2500810
     5.8645325      0.6571340      0.2500371
     5.8853455      1.3720789      0.2501626
     5.9061585      1.6062262      0.2502623
     5.9270325      2.3967900      0.2503596
     5.9478455      4.0539494      0.2506045
     5.9686585      4.4381737      0.2505425
     5.9895325      4.4523865      0.2505720
     6.0103455      5.6151687      0.2507946
     6.0311585      4.2491158      0.2507543
     6.0520325      6.8057023      0.2509779
     6.0728455      6.8143076      0.2508748
     6.0936585      6.0971423      0.2507879
     6.1145325      6.3054765      0.2508032
     6.1353455      6.9540044      0.2509006
     6.1561585      8.5596114      0.2511470
     6.1770325      9.4887990      0.2512830
     6.1978455      7.6876533      0.2509848
     6.2186585      9.5921584      0.2512740
     6.2395325     10.1769658      0.2513502
     6.2603455      9.3354724      0.2511949
     6.2811585     10.4299652      0.2515207
     6.3020325      9.1420209      0.2511962
     6.3228455     11.1780080      0.2515425
     6.3436585     10.3650305      0.2514530
     6.3645325     11.0459181      0.2514394
     6.3853455     10.9521060      0.2514374
     6.4061585     10.5315700      0.2513796
     6.4478455      9.4429428      0.2512395
     6.4686585      9.0137235      0.2513244
     6.4895325      8.7277022      0.2512253
     6.5103455      8.6515469      0.2511682
     6.5311585      8.3689471      0.2512475
     6.5520325      8.5135381      0.2511100
     6.5728455      8.1203969      0.2510848
     6.5936585      8.6102628      0.2511850
     6.6145325      7.8437434      0.2510340
     6.6353455      6.9404547      0.2509040
     6.6561585      6.6933733      0.2508600
     6.6770325      6.7235843      0.2508539
     6.6978455      6.7056663      0.2511123
     6.7186585      4.7848086      0.2506618
     6.7395325      4.9417400      0.2506326
     6.7603455      4.8420917      0.2506292
     6.7811585      3.7470553      0.2504420
     6.8020325      4.0366843      0.2505088
     6.8228455      3.6533351      0.2504466
     6.8436585      3.4382849      0.2504297
     6.8645325      3.6500430      0.2505047
     6.8853455      3.3746569      0.2504019
     6.9061585      2.6321916      0.2503288
     6.9270325      2.1432241      0.2502357
     6.9478455      2.4614068      0.2503941
     6.9686585      2.2629467      0.2503156
     6.9895325      2.7022629      0.2503646
     7.0103455      2.6549793      0.2503733
     7.0311585      2.4811704      0.2503071
     7.0520325      2.4945273      0.2503756
     7.0728455      2.4297321      0.2502952
     7.0936585      2.7735747      0.2503811
     7.1145325      2.6225012      0.2503266
     7.1353455      3.7646300      0.2504461
     7.1561585      2.6248355      0.2503141
     7.1770325      2.6068674      0.2503034
     7.1978455      2.7474625      0.2503162
     7.2186585      3.3035935      0.2504052
     7.2394714      3.3082323      0.2504193
     7.2602844      3.7544125      0.2505943
     7.2811585      3.9256561      0.2505356
     7.3019714      4.5412106      0.2505925
     7.3227844      4.1343336      0.2506361
     7.3436585      4.0023972      0.2505009
     7.3644714      4.5748859      0.2506134
     7.3852844      3.4802301      0.2504525
     7.4061585      2.8269063      0.2503476
     7.4269714      3.5020541      0.2504379
     7.4477844      3.6749465      0.2504581
     7.4686585      4.8178560      0.2506236
     7.4894714      4.4395229      0.2505559
     7.5102844      3.9601437      0.2505108
     7.5311585      2.7526025      0.2504089
     7.5519714      2.7972156      0.2503604
     7.5727844      2.6232335      0.2503072
     7.5936585      3.1313424      0.2504309
     7.6144714      3.6623736      0.2504814
     7.6352844      1.9930355      0.2503449
     7.6561585      2.0020014      0.2502359
     7.6769714      3.0326974      0.2504147
     7.6977844      1.7730675      0.2502158
     7.7186585      1.0773486      0.2501534
     7.7394714      3.3506174      0.2504880
     7.7602844      3.6340475      0.2505272
     7.7811585      3.7509433      0.2505346
     7.8019714      2.4558890      0.2503143
     7.8227844      1.8058991      0.2502364
     7.8436585      3.1788168      0.2504091
     7.8644714      2.0123005      0.2502448
     7.8852844      3.6888548      0.2504875
     7.9061585      2.5690750      0.2503274
     7.9269714      2.6986860      0.2503376
     7.9477844      2.4516852      0.2503134
     7.9686585      2.2645351      0.2502637
     7.9894714      3.4285481      0.2504994
     8.0102844      4.2181485      0.2505834
     8.0311585      3.9800591      0.2505743
     8.0519714      4.7321997      0.2506301
     8.0727844      4.6007540      0.2505866
     8.0936585      4.9655395      0.2506905
     8.1144714      6.0867846      0.2508905
     8.1352844      5.6626404      0.2507466
     8.1561585      6.4060597      0.2509118
     8.1769714      6.5767180      0.2509315
     8.1977844      6.8434586      0.2509472
     8.2186585      7.8796632      0.2510094
     8.2394714      8.8852243      0.2511828
     8.2602844      9.6395740      0.2512784
     8.2811585      9.6662408      0.2512780
     8.3019714      9.3649741      0.2512280
     8.3227844     10.8288981      0.2514748
     8.3436585     10.2809768      0.2513742
     8.3644714     11.1260571      0.2515172
     8.3852844     12.6214611      0.2516857
     8.4061585     11.8941859      0.2516227
     8.4269714     13.0113375      0.2517431
     8.4477844     12.1496241      0.2515962
     8.4686585     10.0664469      0.2513048
     8.4894714     10.6011584      0.2513891
     8.5102844     10.7934801      0.2513875
     8.5311585     10.7316660      0.2513996
     8.5519714     10.2461693      0.2514057
     8.5727844      9.8335684      0.2513365
     8.5936585      9.3720075      0.2511968
     8.6144714      9.2548273      0.2512157
     8.6352844      9.0506687      0.2512014
     8.6561585      8.3294353      0.2510608
     8.6769714      8.1221910      0.2510852
     8.6977844      7.4596324      0.2509912
     8.7186585      7.3796649      0.2509267
     8.7394714      7.8041981      0.2510511
     8.7602844      6.3022354      0.2508222
     8.7811585      7.1791352      0.2509395
     8.8019714      5.9007187      0.2509196
     8.8227844      5.5998130      0.2507714
     8.8436585      5.1232113      0.2507662
     8.8644104      4.4526616      0.2505459
     8.8852844      4.6223973      0.2505982
     8.9060974      5.1577042      0.2506890
     8.9269104      4.3734196      0.2505538
     8.9477844      4.5168244      0.2506917
     8.9685974      4.0752676      0.2505243
     8.9894104      3.6804182      0.2504528
     9.0102844      3.5951526      0.2504659
     9.0310974      3.1478735      0.2505197
     9.0519104      3.5022635      0.2504641
     9.0727844      3.0549179      0.2504394
     9.0935974      3.2980321      0.2503973
     9.1144104      3.4410332      0.2504761
     9.1352844      3.6472484      0.2504386
     9.1560974      4.1383801      0.2505192
     9.1769104      4.0357481      0.2505479
     9.1977844      3.9128184      0.2504737
     9.2185974      3.9246676      0.2505419
     9.2394104      4.3814948      0.2505491
     9.2602844      4.3816258      0.2506408
     9.2810974      3.7687799      0.2504601
     9.3019104      3.4993841      0.2504569
     9.3227844      3.6016644      0.2505525
     9.3435974      3.9531191      0.2505223
     9.3644104      4.1196601      0.2505476
     9.3852844      3.5981762      0.2504535
     9.4060974      4.3746377      0.2506851
     9.4269104      5.2588365      0.2507844
     9.4477844      4.1515151      0.2505812
     9.4685974      4.4367917      0.2506208
     9.4894104      4.2123991      0.2505166
     9.5102844      3.3042085      0.2504184
     9.5310974      3.5787456      0.2504817
     9.5519104      3.6923760      0.2504818
     9.5727844      3.3256560      0.2505019
     9.5935974      3.3718957      0.2504340
     9.6144104      2.7707889      0.2503477
     9.6352844      3.2426100      0.2504565
     9.6560974      2.3739946      0.2503674
     9.6769104      2.6289222      0.2503477
     9.6977844      2.9328841      0.2504178
     9.7185974      2.4528032      0.2503071
     9.7394104      1.9381962      0.2502734
     9.7602844      2.4466840      0.2502861
     9.7810974      1.5849825      0.2501986
     9.8019104      1.5372707      0.2501876
     9.8227844      1.2161459      0.2501462
     9.8435974      1.1473327      0.2501043
     9.8644104      1.6682154      0.2504268
     9.8852844      1.4288034      0.2502214
     9.9060974      1.5190266      0.2501442
     9.9269104      1.9293746      0.2502387
     9.9477844      1.7539374      0.2502832
     9.9685974      2.0568179      0.2502289
     9.9894104      2.0184043      0.2502462
    10.0102844      2.8202945      0.2503657
    10.0310974      2.0403818      0.2502709
    10.0519104      2.9669347      0.2503733
    10.0727844      3.7492612      0.2504687
    10.0935974      3.5914419      0.2504585
    10.1144104      3.8142530      0.2505099
    10.1352844      4.5960703      0.2506248
    10.1560974      4.7312694      0.2506233
    10.1769104      4.7870821      0.2506034
    10.1977844      5.9788654      0.2508458
    10.2185974      6.2469877      0.2508225
    10.2394104      6.3673737      0.2508175
    10.2602844      7.0384180      0.2509201
    10.2810974      7.0437360      0.2508688
    10.3019104      7.7869652      0.2510537
    10.3227844      8.2214901      0.2510227
    10.3435364      9.1149197      0.2511833
    10.3644104      9.1799506      0.2511984
    10.3852234      9.2379792      0.2512184
    10.4060364      9.7134424      0.2512824
    10.4269104     10.1334969      0.2513006
    10.4477234     10.6457000      0.2513928
    10.4685364     10.3537365      0.2513911
    10.4894104     10.3892851      0.2513796
    10.5102234      9.5530956      0.2512255
    10.5310364     10.4705349      0.2513654
    10.5519104      9.8544738      0.2512755
    10.5727234      9.9036123      0.2514251
    10.5935364      9.8425203      0.2513188
    10.6144104      9.9941015      0.2512683
    10.6352234      9.3626779      0.2512078
    10.6560364      9.8725360      0.2513060
    10.6769104      9.4409162      0.2513180
    10.6977234      9.5231611      0.2512646
    10.7185364      8.8706377      0.2512518
    10.7394104      9.2537352      0.2512023
    10.7602234      8.7096262      0.2512080
    10.7810364      8.1334882      0.2510484
    10.8019104      9.0559505      0.2511631
    10.8227234      9.2532813      0.2512219
    10.8435364      8.0118942      0.2510860
    10.8644104      6.4942170      0.2508271
    10.9060364      6.3521451      0.2508534
    10.9269104      6.6193359      0.2508823
    10.9477234      7.1763051      0.2510636
    10.9685364      7.0430203      0.2509802
    10.9894104      5.2748757      0.2507160
    11.0102234      4.9786058      0.2506345
    11.0310364      3.9966751      0.2505127
    11.0519104      5.0583901      0.2506726
    11.0727234      5.3713647      0.2507580
    11.0935364      5.1627836      0.2506836
    11.1144104      4.9392237      0.2506189
    11.1352234      6.1529071      0.2508729
    11.1560364      7.2790506      0.2510019
    11.1769104      6.1813909      0.2508074
    11.1977234      6.2654165      0.2508202
    11.2185364      5.8976625      0.2507943
    11.2394104      6.2876376      0.2508122
    11.2602234      6.6394970      0.2509263
    11.2810364      6.3881272      0.2508551
    11.3019104      7.1001667      0.2509475
    11.3227234      6.9200320      0.2509846
    11.3435364      6.1336538      0.2508029
    11.3644104      8.0122491      0.2512175
    11.3852234      7.3852144      0.2509805
    11.4060364      6.9133033      0.2509699
    11.4269104      6.3102660      0.2508306
    11.4477234      6.7733427      0.2509704
    11.4685364      6.4080281      0.2510238
    11.4894104      6.7923908      0.2509026
    11.5102234      6.5477776      0.2509511
    11.5310364      7.1927732      0.2512184
    11.5519104      6.9115375      0.2510417
    11.5727234      7.0317280      0.2510104
    11.5935364      6.6384338      0.2509655
    11.6144104      6.5339639      0.2509544
    11.6352234      4.2289860      0.2506514
    11.6560364      5.8908286      0.2508976
    11.6976624      5.3367994      0.2508155
    11.7185364      5.0841516      0.2508162
    11.7393494      5.8619262      0.2508975
    11.7601624      4.9953289      0.2507694
    11.7810364      4.3085907      0.2507157
    11.8018494      3.9954705      0.2507416
    11.8226624      3.3449185      0.2505914
    11.8435364      3.5210056      0.2506386
    11.8643494      3.3221620      0.2506188
    11.8851624      3.3387157      0.2506750
    11.9060364      2.8857475      0.2505704
    11.9268494      3.8144690      0.2508438
    11.9476624      6.6666415      0.2511557
    11.9685364      3.5400359      0.2507738
    11.9893494      3.2175855      0.2507844
    12.0101624      3.4914202      0.2508019
    12.0310364      3.6754767      0.2507855
    12.0518494      4.4413503      0.2508839
    12.0726624      4.7012317      0.2509505
    12.0935364      4.7778638      0.2509944
    12.1143494      4.3293507      0.2509497
    12.1351624      4.7127226      0.2509859
    12.1560364      5.8465407      0.2512022
    12.1768494      4.7959466      0.2511361
    12.1976624      6.2104921      0.2513848
    12.2185364      6.0310953      0.2514023
    12.2393494      6.2661775      0.2514568
    12.2601624      6.5960054      0.2515135
    12.2810364      7.9552518      0.2518154
    12.3018494      8.3323604      0.2517320
    12.3226624      9.0648631      0.2519940
    12.3435364      9.6163233      0.2519904
    12.3643494      9.1566506      0.2521468
    12.3851624      8.9926896      0.2520035
    12.4060364      9.6670701      0.2521272
    12.4268494     10.1771765      0.2523839
    12.4476624      9.9515747      0.2523776
    12.4685364     11.1555943      0.2524467
    12.4893494     11.0472623      0.2524545
    12.5101624     11.4513860      0.2525682
    12.5310364     11.8971668      0.2526720
    12.5518494     11.8396289      0.2527773
    12.5726624     10.9913509      0.2526458
    12.5935364     11.8099215      0.2527901
    12.6143494     12.0554527      0.2528737
    12.6351624     11.2111714      0.2528353
    12.6560364     11.0358690      0.2528933
    12.6768494     11.3673932      0.2530365
    12.6976624     11.1194209      0.2531500
    12.7185364     10.9402194      0.2531346
    12.7393494     10.5985698      0.2531472
    12.7601624      9.7172071      0.2532116
    12.7810364      9.4705326      0.2532396
    12.8018494      9.1354166      0.2533325
    12.8226624      8.5702491      0.2533913
    12.8435364      8.3407806      0.2535613
    12.8643494      8.1045391      0.2536047
    12.8851624      7.2895641      0.2536245
    12.9059753      6.9743293      0.2537873
    12.9267883      6.0080136      0.2538042
    12.9476624      6.6771097      0.2540460
    12.9684753      6.1670571      0.2541825
    12.9892883      5.9450481      0.2543863
    13.0101624      4.8013191      0.2544002
    13.0309753      5.2302262      0.2546252
    13.0517883      4.2950478      0.2546549
    13.0726624      4.5494574      0.2549307
    13.0934753      5.0633116      0.2551497
    13.1142883      4.3964141      0.2553991
    13.1351624      4.4308971      0.2557936
    13.1559753      4.2561489      0.2562567
    13.1767883      3.4080343      0.2565997
    13.1976624      3.5464820      0.2572214
    13.2184753      2.8323802      0.2577521
    13.2392883      2.4140683      0.2582673
    13.2601624      3.5407165      0.2589608
    13.2809753      3.4046187      0.2594322
    13.3017883      2.8076726      0.2600155
