     0.0000000      0.0933271      0.0010000
     0.0208481     -0.1785241      0.0010000
     0.0416961      0.6186120      0.0010000
     0.0625442     -0.9764583      0.0010000
     0.0833922      0.8561945      0.0010000
     0.1042403     -1.3985452      0.0010000
     0.1250883      1.3849114      0.0010000
     0.1459364     -1.6882463      0.0010000
     0.1667844      1.1041686      0.0010000
     0.1876325     -0.7578163      0.0010000
     0.2084806      0.5844898      0.0010000
     0.2293286     -0.5898758      0.0010000
     0.2501767     -0.7712389      0.0010000
     0.2710247      0.8959988      0.0010000
     0.2918728     -1.1421644      0.0010000
     0.3127208      1.1687845      0.0010000
     0.3335689     -1.4128954      0.0010000
     0.3544169      1.4316280      0.0010000
     0.3752650     -1.9296404      0.0010000
     0.3961131      1.1904288      0.0010000
     0.4169611     -0.9189423      0.0010000
     0.4378092      0.7336816      0.0010000
     0.4586572     -0.2710787      0.0010000
     0.4795053      0.0154949      0.0010000
     0.5003533      0.6371196      0.0010000
     0.5212014     -0.7985041      0.0010000
     0.5420494      1.3307818      0.0010000
     0.5628975     -1.5659421      0.0010000
     0.5837456      1.1558443      0.0010000
     0.6045936     -1.7218508      0.0010000
     0.6254417      1.4618995      0.0010000
     0.6462897     -1.4094182      0.0010000
     0.6671378      0.5435411      0.0010000
     0.6879858     -0.8317132      0.0010000
     0.7088339      0.0520244      0.0010000
     0.7296819      0.4287468      0.0010000
     0.7505300     -1.2063195      0.0010000
     0.7713781      0.9667527      0.0010000
     0.7922261     -1.5692297      0.0010000
     0.8130742      1.6482274      0.0010000
     0.8339222     -1.5745877      0.0010000
     0.8547703      1.6309464      0.0010000
     0.8756183     -1.1077743      0.0010000
     0.8964664      0.7242567      0.0010000
     0.9173144     -0.6600761      0.0010000
     0.9381625      0.2187441      0.0010000
     0.9590106      0.1851121      0.0010000
     0.9798586     -0.6185826      0.0010000
     1.0007067      0.9273539      0.0010000
     1.0215547     -1.3792914      0.0010000
     1.0424028      1.3820031      0.0010000
     1.0632508     -1.5097772      0.0010000
     1.0840989      1.3758060      0.0010000
     1.1049469     -1.0438511      0.0010000
     1.1257950      1.0893919      0.0010000
     1.1466431     -0.7043771      0.0010000
     1.1674911      0.6103061      0.0010000
     1.1883392      0.1535726      0.0010000
     1.2091872     -0.2957463      0.0010000
     1.2300353      1.1144857      0.0010000
     1.2508833     -1.4069906      0.0010000
     1.2717314      1.8003015      0.0010000
     1.2925794     -1.5435079      0.0010000
     1.3134275      1.2986360      0.0010000
     1.3342756     -1.5207808      0.0010000
     1.3551236      1.4924603      0.0010000
     1.3759717     -1.0420599      0.0010000
     1.3968197      0.2470577      0.0010000
     1.4176678     -0.3931609      0.0010000
     1.4385158     -0.6929702      0.0010000
     1.4593639      1.0226037      0.0010000
     1.4802119     -1.1923451      0.0010000
     1.5010600      1.2647711      0.0010000
     1.5219081     -1.4906157      0.0010000
     1.5427561      1.3115773      0.0010000
     1.5636042     -1.4005704      0.0010000
     1.5844522      1.1191983      0.0010000
     1.6053003     -0.9158793      0.0010000
     1.6261483      0.8688670      0.0010000
     1.6469964     -0.2252737      0.0010000
     1.6678444     -0.3060500      0.0010000
     1.6886925      0.6712916      0.0010000
     1.7095406     -1.4887139      0.0010000
     1.7303886      1.3675554      0.0010000
     1.7512367     -1.5802579      0.0010000
     1.7720847      1.4609869      0.0010000
     1.7929328     -1.5306744      0.0010000
     1.8137808      1.6882981      0.0010000
     1.8346289     -1.2135518      0.0010000
     1.8554769      0.6397015      0.0010000
     1.8763250     -0.2382243      0.0010000
     1.8971731     -0.2252110      0.0010000
     1.9180211      0.6167389      0.0010000
     1.9388692     -1.2870076      0.0010000
     1.9597172      1.1838589      0.0010000
     1.9805653     -1.2362359      0.0010000
     2.0014133      1.3929454      0.0010000
     2.0222614     -1.6598584      0.0010000
     2.0431094      1.5942625      0.0010000
     2.0639575     -1.1718749      0.0010000
     2.0848056      0.9830052      0.0010000
     2.1056536     -0.1846316      0.0010000
     2.1265017      0.1481517      0.0010000
     2.1473497      0.4554388      0.0010000
     2.1681978     -0.9370975      0.0010000
     2.1890458      1.2422174      0.0010000
     2.2098939     -1.5017073      0.0010000
     2.2307419      1.2354426      0.0010000
     2.2515900     -1.6397858      0.0010000
     2.2724381      1.3859126      0.0010000
     2.2932861     -1.1260084      0.0010000
     2.3141342      1.1736848      0.0010000
     2.3349822     -0.5009330      0.0010000
     2.3558303     -0.0194213      0.0010000
     2.3766783      0.2247017      0.0010000
     2.3975264     -0.9302184      0.0010000
     2.4183744      1.2852067      0.0010000
     2.4392225     -1.3124488      0.0010000
     2.4600706      1.6217524      0.0010000
     2.4809186     -1.5708213      0.0010000
     2.5017667      1.6323803      0.0010000
     2.5226147     -1.3184280      0.0010000
     2.5434628      1.1211478      0.0010000
     2.5643108     -0.8733467      0.0010000
     2.5851589      0.2651502      0.0010000
     2.6060069      0.1575699      0.0010000
     2.6268550     -0.5255878      0.0010000
     2.6477031      0.9287602      0.0010000
     2.6685511     -1.1715545      0.0010000
     2.6893992      1.6416097      0.0010000
     2.7102472     -1.7980842      0.0010000
     2.7310953      1.8930210      0.0010000
     2.7519433     -1.6384006      0.0010000
     2.7727914      1.0749301      0.0010000
     2.7936394     -0.8196337      0.0010000
     2.8144875      0.2745516      0.0010000
     2.8353356      0.0743620      0.0010000
     2.8561836     -0.4970394      0.0010000
     2.8770317      1.0929351      0.0010000
     2.8978797     -1.2018631      0.0010000
     2.9187278      1.7041660      0.0010000
     2.9395758     -1.7518201      0.0010000
     2.9604239      1.6421963      0.0010000
     2.9812719     -1.4081211      0.0010000
     3.0021200      1.2250228      0.0010000
     3.0229681     -0.6809012      0.0010000
     3.0438161      0.5305596      0.0010000
     3.0646642      0.0566133      0.0010000
     3.0855122     -0.2568397      0.0010000
     3.1063603      0.3979454      0.0010000
     3.1272083     -1.0594103      0.0010000
     3.1480564      1.4743265      0.0010000
     3.1689044     -1.8154574      0.0010000
     3.1897525      1.3480314      0.0010000
     3.2106006     -1.5737681      0.0010000
     3.2314486      1.5063975      0.0010000
     3.2522967     -1.2237855      0.0010000
     3.2731447      0.4172999      0.0010000
     3.2939928     -0.3713063      0.0010000
     3.3148408     -0.0489816      0.0010000
     3.3356889      0.6057437      0.0010000
     3.3565369     -1.0877954      0.0010000
     3.3773850      1.5291437      0.0010000
     3.3982331     -1.5779128      0.0010000
     3.4190811      1.6444304      0.0010000
     3.4399292     -1.7980070      0.0010000
     3.4607772      1.3401636      0.0010000
     3.4816253     -1.2552866      0.0010000
     3.5024733      0.4423829      0.0010000
     3.5233214     -0.3491583      0.0010000
     3.5441694     -0.1611161      0.0010000
     3.5650175      0.5398050      0.0010000
     3.5858656     -0.9092720      0.0010000
     3.6067136      1.1120421      0.0010000
     3.6275617     -1.7445724      0.0010000
     3.6484097      1.3186128      0.0010000
     3.6692578     -2.2093214      0.0010000
     3.6901058      1.7790312      0.0010000
     3.7109539     -1.1240834      0.0010000
     3.7318019      1.1454065      0.0010000
     3.7526500     -0.5815222      0.0010000
     3.7734981      0.6051922      0.0010000
     3.7943461      0.4886439      0.0010000
     3.8151942     -0.6995642      0.0010000
     3.8360422      1.2823016      0.0010000
     3.8568903     -1.5452308      0.0010000
     3.8777383      1.4601435      0.0010000
     3.8985864     -1.5464859      0.0010000
     3.9194344      1.2349731      0.0010000
     3.9402825     -1.4602519      0.0010000
     3.9611306      1.1353833      0.0010000
     3.9819786     -0.7503228      0.0010000
     4.0028267      0.4250206      0.0010000
     4.0236747      0.3646581      0.0010000
     4.0445228     -0.8353401      0.0010000
     4.0653708      0.9353944      0.0010000
     4.0862189     -1.3811253      0.0010000
     4.1070669      1.4419743      0.0010000
     4.1279150     -1.7814059      0.0010000
     4.1487631      1.8004449      0.0010000
     4.1696111     -1.8181951      0.0010000
     4.1904592      1.0322382      0.0010000
     4.2113072     -0.5398486      0.0010000
     4.2321553      0.5036793      0.0010000
     4.2530033      0.1227645      0.0010000
     4.2738514     -0.4175008      0.0010000
     4.2946994      1.1393890      0.0010000
     4.3155475     -1.1409819      0.0010000
     4.3363956      1.3218977      0.0010000
     4.3572436     -1.8709378      0.0010000
     4.3780917      1.7327850      0.0010000
     4.3989397     -1.5400003      0.0010000
     4.4197878      1.0271329      0.0010000
     4.4406358     -0.8534761      0.0010000
     4.4614839      0.4821096      0.0010000
     4.4823319     -0.5204228      0.0010000
     4.5031800     -0.3098800      0.0010000
     4.5240281      0.6967962      0.0010000
     4.5448761     -1.3237230      0.0010000
     4.5657242      1.3264182      0.0010000
     4.5865722     -1.6976308      0.0010000
     4.6074203      2.0764736      0.0010000
     4.6282683     -1.5557638      0.0010000
     4.6491164      1.2341349      0.0010000
     4.6699644     -1.3528897      0.0010000
     4.6908125      0.6824251      0.0010000
     4.7116606     -0.1850152      0.0010000
     4.7325086     -0.1129661      0.0010000
     4.7533567      0.5158806      0.0010000
     4.7742047     -1.0379721      0.0010000
     4.7950528      1.4621317      0.0010000
     4.8159008     -1.2333188      0.0010000
     4.8367489      1.4988590      0.0010000
     4.8575969     -1.8027542      0.0010000
     4.8784450      1.3120900      0.0010000
     4.8992931     -0.8010630      0.0010000
     4.9201411      0.5445596      0.0010000
     4.9409892     -0.4626329      0.0010000
     4.9618372      0.0176158      0.0010000
     4.9826853      0.4979592      0.0010000
     5.0035333     -0.8588993      0.0010000
     5.0243814      1.5956063      0.0010000
     5.0452294     -1.7779663      0.0010000
     5.0660775      1.9550701      0.0010000
     5.0869256     -1.9015414      0.0010000
     5.1077736      1.5019663      0.0010000
     5.1286217     -1.2336688      0.0010000
     5.1494697      1.0751309      0.0010000
     5.1703178     -0.3219840      0.0010000
     5.1911658      0.2935220      0.0010000
     5.2120139      0.4583177      0.0010000
     5.2328619     -0.6799052      0.0010000
     5.2537100      1.2255207      0.0010000
     5.2745581     -1.8217329      0.0010000
     5.2954061      1.3017190      0.0010000
     5.3162542     -1.6859897      0.0010000
     5.3371022      1.7632570      0.0010000
     5.3579503     -1.5839270      0.0010000
     5.3787983      1.0589166      0.0010000
     5.3996464     -0.4381666      0.0010000
     5.4204944     -0.1822814      0.0010000
     5.4413425      0.2715165      0.0010000
     5.4621906     -0.8362213      0.0010000
     5.4830386      1.0352250      0.0010000
     5.5038867     -1.6219510      0.0010000
     5.5247347      1.7132454      0.0010000
     5.5455828     -2.0966660      0.0010000
     5.5664308      1.5358918      0.0010000
     5.5872789     -1.4780645      0.0010000
     5.6081269      1.1827211      0.0010000
     5.6289750     -0.3546747      0.0010000
     5.6498231      0.4991473      0.0010000
     5.6706711      0.6028911      0.0010000
     5.6915192     -0.5790376      0.0010000
     5.7123672      0.8967827      0.0010000
     5.7332153     -1.2361061      0.0010000
     5.7540633      1.4209908      0.0010000
     5.7749114     -1.6751517      0.0010000
     5.7957594      2.0127658      0.0010000
     5.8166075     -1.6127329      0.0010000
     5.8374556      1.4459651      0.0010000
     5.8583036     -1.1104819      0.0010000
     5.8791517      0.7030623      0.0010000
     5.8999997     -0.4765450      0.0010000
     5.9208478     -0.5486066      0.0010000
     5.9416958      0.7219211      0.0010000
     5.9625439     -1.1022297      0.0010000
     5.9833919      1.5908112      0.0010000
     6.0042400     -1.7229787      0.0010000
     6.0250881      1.7913278      0.0010000
     6.0459361     -1.6343241      0.0010000
     6.0667842      1.1089313      0.0010000
     6.0876322     -1.1502045      0.0010000
     6.1084803      0.7627210      0.0010000
     6.1293283     -0.5295751      0.0010000
     6.1501764     -0.0341772      0.0010000
     6.1710244      0.5037112      0.0010000
     6.1918725     -1.1246677      0.0010000
     6.2127206      1.2044719      0.0010000
     6.2335686     -1.4677449      0.0010000
     6.2544167      1.4940083      0.0010000
     6.2752647     -1.5517190      0.0010000
     6.2961128      1.3998753      0.0010000
     6.3169608     -1.3660174      0.0010000
     6.3378089      0.9689413      0.0010000
     6.3586569     -0.4145951      0.0010000
     6.3795050     -0.2099296      0.0010000
     6.4003531      0.5038213      0.0010000
     6.4212011     -0.9311428      0.0010000
     6.4420492      1.3009712      0.0010000
     6.4628972     -1.5672698      0.0010000
     6.4837453      1.2033873      0.0010000
     6.5045933     -1.6639223      0.0010000
     6.5254414      1.4070362      0.0010000
     6.5462894     -1.4863567      0.0010000
     6.5671375      0.7055601      0.0010000
     6.5879856     -0.3195086      0.0010000
     6.6088336      0.2010747      0.0010000
     6.6296817      0.2272370      0.0010000
     6.6505297     -0.9144374      0.0010000
     6.6713778      1.3293576      0.0010000
     6.6922258     -1.6278832      0.0010000
     6.7130739      1.4447285      0.0010000
     6.7339219     -1.5576007      0.0010000
     6.7547700      1.7919987      0.0010000
     6.7756181     -1.8007055      0.0010000
     6.7964661      1.1702999      0.0010000
     6.8173142     -0.6059192      0.0010000
     6.8381622      0.3631534      0.0010000
     6.8590103     -0.0380414      0.0010000
     6.8798583     -0.8209604      0.0010000
     6.9007064      1.0991757      0.0010000
     6.9215544     -1.1596196      0.0010000
     6.9424025      1.5010972      0.0010000
     6.9632506     -1.8293567      0.0010000
     6.9840986      1.7169523      0.0010000
     7.0049467     -1.9158998      0.0010000
     7.0257947      1.1537093      0.0010000
     7.0466428     -1.0721837      0.0010000
     7.0674908      0.2285763      0.0010000
     7.0883389     -0.1059716      0.0010000
     7.1091869     -0.8519626      0.0010000
     7.1300350      0.9711024      0.0010000
     7.1508831     -1.7358134      0.0010000
     7.1717311      1.5083540      0.0010000
     7.1925792     -1.7946002      0.0010000
     7.2134272      1.5526608      0.0010000
     7.2342753     -1.6997374      0.0010000
     7.2551233      1.2442185      0.0010000
     7.2759714     -1.1836016      0.0010000
     7.2968194      0.5046479      0.0010000
     7.3176675     -0.1219238      0.0010000
     7.3385156     -0.3717689      0.0010000
     7.3593636      0.7786446      0.0010000
     7.3802117     -1.2464429      0.0010000
     7.4010597      1.6830245      0.0010000
     7.4219078     -1.7051939      0.0010000
     7.4427558      2.0234915      0.0010000
     7.4636039     -1.5169322      0.0010000
     7.4844519      1.2963544      0.0010000
     7.5053000     -0.8959710      0.0010000
     7.5261481      0.7417927      0.0010000
     7.5469961     -0.3972809      0.0010000
     7.5678442     -0.1631759      0.0010000
     7.5886922      0.7523401      0.0010000
     7.6095403     -1.0269156      0.0010000
     7.6303883      1.4211926      0.0010000
     7.6512364     -1.4555410      0.0010000
     7.6720844      1.8676568      0.0010000
     7.6929325     -1.7568693      0.0010000
     7.7137806      1.6211259      0.0010000
     7.7346286     -1.0265924      0.0010000
     7.7554767      1.2652024      0.0010000
     7.7763247     -0.6389015      0.0010000
     7.7971728      0.0708401      0.0010000
     7.8180208      0.6118164      0.0010000
     7.8388689     -1.2069864      0.0010000
     7.8597169      1.0611146      0.0010000
     7.8805650     -1.7132742      0.0010000
     7.9014131      1.9095778      0.0010000
     7.9222611     -1.7330402      0.0010000
     7.9431092      1.4644998      0.0010000
     7.9639572     -1.2066642      0.0010000
     7.9848053      0.7418255      0.0010000
     8.0056533     -0.7730238      0.0010000
     8.0265014     -0.0519671      0.0010000
     8.0473494      0.2998265      0.0010000
     8.0681975     -0.8791682      0.0010000
     8.0890456      1.1585609      0.0010000
     8.1098936     -1.6800175      0.0010000
     8.1307417      1.6166016      0.0010000
     8.1515897     -1.9043376      0.0010000
     8.1724378      1.2653854      0.0010000
     8.1932858     -1.1484262      0.0010000
     8.2141339      1.0482959      0.0010000
     8.2349819     -0.7562361      0.0010000
     8.2558300      0.2278500      0.0010000
     8.2766781     -0.2149839      0.0010000
     8.2975261     -0.8137083      0.0010000
     8.3183742      0.8227022      0.0010000
     8.3392222     -1.7729348      0.0010000
     8.3600703      1.4202955      0.0010000
     8.3809183     -1.9751381      0.0010000
     8.4017664      1.6488479      0.0010000
     8.4226144     -1.3715688      0.0010000
     8.4434625      1.4951713      0.0010000
     8.4643106     -0.7400935      0.0010000
     8.4851586      0.0262887      0.0010000
     8.5060067      0.1292542      0.0010000
     8.5268547     -0.3078383      0.0010000
     8.5477028      0.7682138      0.0010000
     8.5685508     -1.1868624      0.0010000
     8.5893989      1.2760372      0.0010000
     8.6102469     -1.5542807      0.0010000
     8.6310950      1.8213774      0.0010000
     8.6519431     -1.8801292      0.0010000
     8.6727911      1.7914408      0.0010000
     8.6936392     -0.8165601      0.0010000
     8.7144872      0.3098118      0.0010000
     8.7353353      0.0043896      0.0010000
     8.7561833     -0.5653695      0.0010000
     8.7770314      0.8076745      0.0010000
     8.7978794     -1.5068009      0.0010000
     8.8187275      1.4401933      0.0010000
     8.8395756     -1.6770864      0.0010000
     8.8604236      2.0810018      0.0010000
     8.8812717     -1.9190294      0.0010000
     8.9021197      1.5215858      0.0010000
     8.9229678     -1.0216291      0.0010000
     8.9438158      0.5279621      0.0010000
     8.9646639     -0.4431046      0.0010000
     8.9855119     -0.1908831      0.0010000
     9.0063600      0.6563388      0.0010000
     9.0272081     -1.2741600      0.0010000
     9.0480561      1.4427968      0.0010000
     9.0689042     -1.5197422      0.0010000
     9.0897522      2.0677225      0.0010000
     9.1106003     -1.6153545      0.0010000
     9.1314483      1.8070991      0.0010000
     9.1522964     -1.1253323      0.0010000
     9.1731444      1.0727152      0.0010000
     9.1939925     -0.3430134      0.0010000
     9.2148406     -0.2177635      0.0010000
     9.2356886      0.4323513      0.0010000
     9.2565367     -1.1034084      0.0010000
     9.2773847      1.1724375      0.0010000
     9.2982328     -1.8529399      0.0010000
     9.3190808      1.7111482      0.0010000
     9.3399289     -1.5474178      0.0010000
     9.3607769      1.3865244      0.0010000
     9.3816250     -1.1468234      0.0010000
     9.4024731      1.2727686      0.0010000
     9.4233211     -0.7179441      0.0010000
     9.4441692      0.4349386      0.0010000
     9.4650172      0.2617870      0.0010000
     9.4858653     -1.0346599      0.0010000
     9.5067133      1.1156887      0.0010000
     9.5275614     -1.5661346      0.0010000
     9.5484094      1.6979240      0.0010000
     9.5692575     -2.1650919      0.0010000
     9.5901056      1.6290286      0.0010000
     9.6109536     -1.4635716      0.0010000
     9.6318017      1.2270197      0.0010000
     9.6526497     -0.9785521      0.0010000
     9.6734978      0.3846090      0.0010000
     9.6943458      0.0221146      0.0010000
     9.7151939     -0.8643170      0.0010000
     9.7360419      0.6397094      0.0010000
     9.7568900     -1.5465877      0.0010000
     9.7777381      1.7562128      0.0010000
     9.7985861     -2.1496258      0.0010000
     9.8194342      1.7598956      0.0010000
     9.8402822     -1.6404413      0.0010000
     9.8611303      1.1243293      0.0010000
     9.8819783     -1.1654579      0.0010000
     9.9028264      0.5447962      0.0010000
     9.9236744      0.2686521      0.0010000
     9.9445225     -0.5274813      0.0010000
     9.9653706      1.2554044      0.0010000
     9.9862186     -1.6166637      0.0010000
    10.0070667      1.4882124      0.0010000
    10.0279147     -1.7512278      0.0010000
    10.0487628      1.7826303      0.0010000
    10.0696108     -1.7714205      0.0010000
    10.0904589      1.4488555      0.0010000
    10.1113069     -0.9593460      0.0010000
    10.1321550      0.4611661      0.0010000
    10.1530031     -0.0366698      0.0010000
    10.1738511     -0.1709393      0.0010000
    10.1946992      0.8964608      0.0010000
    10.2155472     -1.1410400      0.0010000
    10.2363953      2.0851437      0.0010000
    10.2572433     -1.6660141      0.0010000
    10.2780914      1.8233124      0.0010000
    10.2989394     -1.6572506      0.0010000
    10.3197875      1.5308855      0.0010000
    10.3406356     -0.8844431      0.0010000
    10.3614836      0.5393468      0.0010000
    10.3823317     -0.6795861      0.0010000
    10.4031797     -0.1417331      0.0010000
    10.4240278      0.6643950      0.0010000
    10.4448758     -1.2472717      0.0010000
    10.4657239      1.5315041      0.0010000
    10.4865719     -1.6621934      0.0010000
    10.5074200      1.7366843      0.0010000
    10.5282681     -1.5004867      0.0010000
    10.5491161      1.6970307      0.0010000
    10.5699642     -1.6989514      0.0010000
    10.5908122      0.6760834      0.0010000
    10.6116603     -0.1907847      0.0010000
    10.6325083     -0.3943551      0.0010000
    10.6533564      0.8321766      0.0010000
    10.6742044     -0.9253201      0.0010000
    10.6950525      1.5238337      0.0010000
    10.7159006     -1.5893153      0.0010000
    10.7367486      1.9105196      0.0010000
    10.7575967     -1.8594684      0.0010000
    10.7784447      1.7234406      0.0010000
    10.7992928     -1.5631153      0.0010000
    10.8201408      0.9921610      0.0010000
    10.8409889     -0.7915497      0.0010000
    10.8618369      0.2530088      0.0010000
    10.8826850      0.5136893      0.0010000
    10.9035331     -0.9200365      0.0010000
    10.9243811      1.5534263      0.0010000
    10.9452292     -1.2935977      0.0010000
    10.9660772      2.0210377      0.0010000
    10.9869253     -1.8266165      0.0010000
    11.0077733      1.6323324      0.0010000
    11.0286214     -1.7155472      0.0010000
    11.0494694      0.9896130      0.0010000
    11.0703175     -0.9082608      0.0010000
    11.0911656      0.1526837      0.0010000
    11.1120136      0.1862793      0.0010000
    11.1328617     -0.8705525      0.0010000
    11.1537097      1.0754291      0.0010000
    11.1745578     -2.0538899      0.0010000
    11.1954058      1.9999603      0.0010000
    11.2162539     -2.1324524      0.0010000
    11.2371019      1.8866496      0.0010000
    11.2579500     -1.7539985      0.0010000
    11.2787981      1.1143287      0.0010000
    11.2996461     -0.6018707      0.0010000
    11.3204942      0.5841573      0.0010000
    11.3413422      0.2252399      0.0010000
    11.3621903     -0.3338935      0.0010000
    11.3830383      1.2099372      0.0010000
    11.4038864     -1.3897349      0.0010000
    11.4247344      1.7699906      0.0010000
    11.4455825     -2.1933891      0.0010000
    11.4664306      1.6815158      0.0010000
    11.4872786     -1.5171486      0.0010000
    11.5081267      1.5190215      0.0010000
    11.5289747     -1.0356071      0.0010000
    11.5498228      0.7960695      0.0010000
    11.5706708      0.0608222      0.0010000
    11.5915189     -0.5870285      0.0010000
    11.6123669      0.9883135      0.0010000
    11.6332150     -1.6771185      0.0010000
    11.6540631      1.0860273      0.0010000
    11.6749111     -1.5771279      0.0010000
    11.6957592      1.6595852      0.0010000
    11.7166072     -1.9509732      0.0010000
    11.7374553      1.6185623      0.0010000
    11.7583033     -0.9486429      0.0010000
    11.7791514      0.7572543      0.0010000
    11.7999994     -0.0184735      0.0010000
    11.8208475     -0.5248764      0.0010000
    11.8416956      0.7233302      0.0010000
    11.8625436     -1.5034899      0.0010000
    11.8833917      1.7518255      0.0010000
    11.9042397     -1.8438809      0.0010000
    11.9250878      1.7193642      0.0010000
    11.9459358     -1.9496253      0.0010000
    11.9667839      1.1674048      0.0010000
    11.9876319     -1.0335766      0.0010000
    12.0084800      0.7121728      0.0010000
    12.0293281     -0.4843876      0.0010000
    12.0501761     -0.0447616      0.0010000
    12.0710242      0.5594284      0.0010000
    12.0918722     -1.0111934      0.0010000
    12.1127203      1.3178942      0.0010000
    12.1335683     -1.7081957      0.0010000
    12.1544164      1.6661355      0.0010000
    12.1752644     -1.5823828      0.0010000
    12.1961125      1.7201539      0.0010000
    12.2169606     -1.1622428      0.0010000
    12.2378086      0.9918680      0.0010000
    12.2586567     -0.4099112      0.0010000
    12.2795047     -0.0411350      0.0010000
    12.3003528      0.3391586      0.0010000
    12.3212008     -0.9942510      0.0010000
    12.3420489      1.4662568      0.0010000
    12.3628969     -1.6171471      0.0010000
    12.3837450      1.9535194      0.0010000
    12.4045931     -1.7462796      0.0010000
    12.4254411      1.7850493      0.0010000
    12.4462892     -1.3983812      0.0010000
    12.4671372      1.0280739      0.0010000
    12.4879853     -0.8251901      0.0010000
    12.5088333      0.0000262      0.0010000
    12.5296814      0.4721186      0.0010000
    12.5505294     -0.4935105      0.0010000
    12.5713775      1.1141782      0.0010000
    12.5922256     -1.4164832      0.0010000
    12.6130736      1.9561263      0.0010000
    12.6339217     -1.8737365      0.0010000
    12.6547697      1.7697019      0.0010000
    12.6756178     -1.4857565      0.0010000
    12.6964658      1.3485632      0.0010000
    12.7173139     -0.9499160      0.0010000
    12.7381619      0.3156003      0.0010000
    12.7590100      0.0697340      0.0010000
    12.7798581     -0.8961283      0.0010000
    12.8007061      1.1300407      0.0010000
    12.8215542     -1.4134371      0.0010000
    12.8424022      1.3944644      0.0010000
    12.8632503     -1.9861659      0.0010000
    12.8840983      1.7213076      0.0010000
    12.9049464     -1.9156465      0.0010000
    12.9257944      1.1418668      0.0010000
    12.9466425     -0.7701629      0.0010000
    12.9674906      0.3914349      0.0010000
    12.9883386      0.1179673      0.0010000
    13.0091867     -0.6137882      0.0010000
    13.0300347      0.8860442      0.0010000
    13.0508828     -1.5427422      0.0010000
    13.0717308      1.7128177      0.0010000
    13.0925789     -1.6209340      0.0010000
    13.1134269      1.7322030      0.0010000
    13.1342750     -1.5393995      0.0010000
    13.1551231      1.6243807      0.0010000
    13.1759711     -1.2988430      0.0010000
    13.1968192      0.9034153      0.0010000
    13.2176672     -0.1262074      0.0010000
    13.2385153     -0.3912636      0.0010000
    13.2593633      1.0023198      0.0010000
    13.2802114     -1.0586326      0.0010000
    13.3010594      1.8307453      0.0010000
    13.3219075     -1.8242778      0.0010000
    13.3427556      1.7511948      0.0010000
    13.3636036     -1.9206154      0.0010000
    13.3844517      1.4653341      0.0010000
    13.4052997     -1.2318497      0.0010000
    13.4261478      1.0327903      0.0010000
    13.4469958     -0.5016856      0.0010000
    13.4678439     -0.1793813      0.0010000
    13.4886919      0.3835017      0.0010000
    13.5095400     -1.0338071      0.0010000
    13.5303881      1.3740827      0.0010000
    13.5512361     -1.9899935      0.0010000
    13.5720842      2.0723119      0.0010000
    13.5929322     -1.8776588      0.0010000
    13.6137803      1.3296450      0.0010000
    13.6346283     -1.2077529      0.0010000
    13.6554764      0.9492606      0.0010000
    13.6763244     -0.2745665      0.0010000
    13.6971725     -0.1389805      0.0010000
    13.7180206     -0.0039767      0.0010000
    13.7388686     -0.9597560      0.0010000
    13.7597167      1.4799478      0.0010000
    13.7805647     -1.7764264      0.0010000
    13.8014128      1.9452026      0.0010000
    13.8222608     -1.6109486      0.0010000
    13.8431089      2.0246864      0.0010000
    13.8639569     -1.5330195      0.0010000
    13.8848050      1.1461549      0.0010000
    13.9056531     -0.6442232      0.0010000
    13.9265011      0.3400590      0.0010000
    13.9473492     -0.0144127      0.0010000
    13.9681972     -0.8609783      0.0010000
    13.9890453      1.4071642      0.0010000
    14.0098933     -1.4207917      0.0010000
    14.0307414      1.9026643      0.0010000
    14.0515894     -2.0285154      0.0010000
    14.0724375      1.9212087      0.0010000
    14.0932856     -1.5631317      0.0010000
    14.1141336      1.3261227      0.0010000
    14.1349817     -1.1542042      0.0010000
    14.1558297      0.4772162      0.0010000
    14.1766778      0.1116061      0.0010000
    14.1975258     -0.6322723      0.0010000
    14.2183739      1.1745905      0.0010000
    14.2392219     -1.5957008      0.0010000
    14.2600700      1.5064819      0.0010000
    14.2809181     -1.9012947      0.0010000
    14.3017661      1.9180131      0.0010000
    14.3226142     -1.6885199      0.0010000
    14.3434622      1.4341713      0.0010000
    14.3643103     -1.2465091      0.0010000
    14.3851583      0.8449364      0.0010000
    14.4060064      0.4819651      0.0010000
    14.4268544     -0.5936659      0.0010000
    14.4477025      0.8645090      0.0010000
    14.4685506     -1.1215553      0.0010000
    14.4893986      1.5781321      0.0010000
    14.5102467     -2.0287355      0.0010000
    14.5310947      1.7250139      0.0010000
    14.5519428     -1.7170160      0.0010000
    14.5727908      1.5482090      0.0010000
    14.5936389     -1.0219592      0.0010000
    14.6144869      0.6853911      0.0010000
    14.6353350     -0.1046545      0.0010000
    14.6561831     -0.6805077      0.0010000
    14.6770311      0.8860044      0.0010000
    14.6978792     -1.1840919      0.0010000
    14.7187272      1.6161114      0.0010000
    14.7395753     -1.7675244      0.0010000
    14.7604233      1.8580899      0.0010000
    14.7812714     -2.3932616      0.0010000
    14.8021194      1.9926133      0.0010000
    14.8229675     -1.0573018      0.0010000
    14.8438156      0.5904033      0.0010000
    14.8646636     -0.2007688      0.0010000
    14.8855117     -0.0679285      0.0010000
    14.9063597      0.7529524      0.0010000
    14.9272078     -1.1273867      0.0010000
    14.9480558      1.5771645      0.0010000
    14.9689039     -1.8281476      0.0010000
    14.9897519      1.9504379      0.0010000
    15.0106000     -1.9237740      0.0010000
    15.0314481      1.2868163      0.0010000
    15.0522961     -1.4374928      0.0010000
    15.0731442      0.9558201      0.0010000
    15.0939922     -0.5720360      0.0010000
    15.1148403     -0.2411344      0.0010000
    15.1356883      0.6133241      0.0010000
    15.1565364     -1.2901345      0.0010000
    15.1773844      1.0118971      0.0010000
    15.1982325     -2.2402470      0.0010000
    15.2190806      2.0502600      0.0010000
    15.2399286     -1.9143185      0.0010000
    15.2607767      1.4998616      0.0010000
    15.2816247     -1.5448222      0.0010000
    15.3024728      0.9914246      0.0010000
    15.3233208     -0.7248513      0.0010000
    15.3441689     -0.0994589      0.0010000
    15.3650169      0.4326614      0.0010000
    15.3858650     -1.1022199      0.0010000
    15.4067131      1.0672352      0.0010000
    15.4275611     -1.6587610      0.0010000
    15.4484092      2.1861102      0.0010000
    15.4692572     -1.9459222      0.0010000
    15.4901053      1.8407308      0.0010000
    15.5109533     -2.0649323      0.0010000
    15.5318014      1.2095021      0.0010000
    15.5526494     -0.8807375      0.0010000
    15.5734975      0.4617354      0.0010000
    15.5943456      0.1450124      0.0010000
    15.6151936     -0.6479592      0.0010000
    15.6360417      1.0754486      0.0010000
    15.6568897     -1.2338350      0.0010000
    15.6777378      1.6590029      0.0010000
    15.6985858     -1.9563839      0.0010000
    15.7194339      1.6666595      0.0010000
    15.7402819     -1.5872638      0.0010000
    15.7611300      1.2364360      0.0010000
    15.7819781     -0.6374279      0.0010000
    15.8028261      0.7685920      0.0010000
    15.8236742      0.1895106      0.0010000
    15.8445222     -0.8611332      0.0010000
    15.8653703      0.6077484      0.0010000
    15.8862183     -1.4339361      0.0010000
    15.9070664      1.6497367      0.0010000
    15.9279144     -1.9366998      0.0010000
    15.9487625      1.6476666      0.0010000
    15.9696106     -1.9299183      0.0010000
    15.9904586      1.5373530      0.0010000
    16.0113067     -0.9680156      0.0010000
    16.0321547      0.7609694      0.0010000
    16.0530028      0.1371968      0.0010000
    16.0738508     -0.1313069      0.0010000
    16.0946989      0.9027281      0.0010000
    16.1155469     -1.3163115      0.0010000
    16.1363950      1.9978498      0.0010000
    16.1572431     -1.9166251      0.0010000
    16.1780911      1.7284216      0.0010000
    16.1989392     -1.7943092      0.0010000
    16.2197872      1.1879642      0.0010000
    16.2406353     -1.5703846      0.0010000
    16.2614833      0.6965562      0.0010000
    16.2823314     -0.5486163      0.0010000
    16.3031794     -0.2903538      0.0010000
    16.3240275      0.4740299      0.0010000
    16.3448756     -1.5669374      0.0010000
    16.3657236      1.5220402      0.0010000
    16.3865717     -1.6957496      0.0010000
    16.4074197      2.0676812      0.0010000
    16.4282678     -1.7201138      0.0010000
    16.4491158      1.5351547      0.0010000
    16.4699639     -1.3573357      0.0010000
    16.4908119      0.8437618      0.0010000
    16.5116600     -0.4675103      0.0010000
    16.5325081     -0.2130537      0.0010000
    16.5533561      0.1456944      0.0010000
    16.5742042     -1.3047072      0.0010000
    16.5950522      1.5798166      0.0010000
    16.6159003     -1.8617703      0.0010000
    16.6367483      1.8106024      0.0010000
    16.6575964     -1.9330522      0.0010000
    16.6784444      1.9361290      0.0010000
    16.6992925     -1.2655141      0.0010000
    16.7201406      1.1984443      0.0010000
    16.7409886     -0.8826033      0.0010000
    16.7618367      0.4117586      0.0010000
    16.7826847      0.0016056      0.0010000
    16.8035328     -0.8884331      0.0010000
    16.8243808      1.3907488      0.0010000
    16.8452289     -1.5019226      0.0010000
    16.8660769      1.7723008      0.0010000
    16.8869250     -1.9672280      0.0010000
    16.9077731      1.9431802      0.0010000
    16.9286211     -1.5446345      0.0010000
    16.9494692      1.4320710      0.0010000
    16.9703172     -0.7424200      0.0010000
    16.9911653      0.5984641      0.0010000
    17.0120133      0.2425561      0.0010000
    17.0328614     -0.9020768      0.0010000
    17.0537094      1.1159309      0.0010000
    17.0745575     -1.6303218      0.0010000
    17.0954056      2.0632001      0.0010000
    17.1162536     -2.2445673      0.0010000
    17.1371017      1.9862808      0.0010000
    17.1579497     -1.6323882      0.0010000
    17.1787978      1.1326618      0.0010000
    17.1996458     -0.9776109      0.0010000
    17.2204939      0.5378143      0.0010000
    17.2413419      0.1657738      0.0010000
    17.2621900     -0.5921888      0.0010000
    17.2830381      0.9941407      0.0010000
    17.3038861     -1.5596050      0.0010000
    17.3247342      1.8547552      0.0010000
    17.3455822     -2.3293947      0.0010000
    17.3664303      1.8453883      0.0010000
    17.3872783     -1.7987329      0.0010000
    17.4081264      1.3917667      0.0010000
    17.4289744     -1.0534013      0.0010000
    17.4498225      0.9969870      0.0010000
    17.4706706     -0.1585880      0.0010000
    17.4915186     -0.2744097      0.0010000
    17.5123667      1.1575206      0.0010000
    17.5332147     -1.3553205      0.0010000
    17.5540628      1.7657784      0.0010000
    17.5749108     -2.0238275      0.0010000
    17.5957589      1.9514523      0.0010000
    17.6166069     -1.4731045      0.0010000
    17.6374550      1.7259547      0.0010000
    17.6583031     -1.2351410      0.0010000
    17.6791511      0.9073495      0.0010000
    17.6999992     -0.5154032      0.0010000
    17.7208472     -0.3347955      0.0010000
    17.7416953      0.6307773      0.0010000
    17.7625433     -1.0225501      0.0010000
    17.7833914      1.2705801      0.0010000
    17.8042394     -2.0157687      0.0010000
    17.8250875      1.7595376      0.0010000
    17.8459356     -1.7846380      0.0010000
    17.8667836      1.8488040      0.0010000
    17.8876317     -1.3509896      0.0010000
    17.9084797      1.1172601      0.0010000
    17.9293278     -0.7311752      0.0010000
    17.9501758     -0.1954766      0.0010000
    17.9710239      0.7255910      0.0010000
    17.9918719     -1.0518677      0.0010000
    18.0127200      1.2673575      0.0010000
    18.0335681     -1.4738591      0.0010000
    18.0544161      1.6326636      0.0010000
    18.0752642     -1.7886918      0.0010000
    18.0961122      1.8343994      0.0010000
    18.1169603     -1.7495896      0.0010000
    18.1378083      1.1632493      0.0010000
    18.1586564     -0.7178961      0.0010000
    18.1795044      0.3537166      0.0010000
    18.2003525      0.6709783      0.0010000
    18.2212006     -0.7866381      0.0010000
    18.2420486      1.3313280      0.0010000
    18.2628967     -1.2609638      0.0010000
    18.2837447      2.4823197      0.0010000
    18.3045928     -2.1536464      0.0010000
    18.3254408      2.0259401      0.0010000
    18.3462889     -1.7194954      0.0010000
    18.3671369      1.8441755      0.0010000
    18.3879850     -0.4192192      0.0010000
    18.4088331      0.8995977      0.0010000
    18.4296811      0.3829775      0.0010000
    18.4505292     -1.0135512      0.0010000
    18.4713772      1.0569772      0.0010000
    18.4922253     -1.8464038      0.0010000
    18.5130733      1.9499670      0.0010000
    18.5339214     -2.0756203      0.0010000
    18.5547694      2.0063677      0.0010000
    18.5756175     -2.0572162      0.0010000
    18.5964656      1.3250783      0.0010000
    18.6173136     -1.2174355      0.0010000
    18.6381617      0.6449695      0.0010000
    18.6590097     -0.1554314      0.0010000
    18.6798578     -0.4453638      0.0010000
    18.7007058      0.9682009      0.0010000
    18.7215539     -1.3800542      0.0010000
    18.7424019      1.8371018      0.0010000
    18.7632500     -2.1019659      0.0010000
    18.7840981      2.0032688      0.0010000
    18.8049461     -1.9331739      0.0010000
    18.8257942      1.3762910      0.0010000
    18.8466422     -1.6823378      0.0010000
    18.8674903      0.9252707      0.0010000
    18.8883383      0.0235093      0.0010000
    18.9091864     -0.3396336      0.0010000
    18.9300344      0.8979761      0.0010000
    18.9508825     -1.2279767      0.0010000
    18.9717306      1.8554092      0.0010000
    18.9925786     -1.7705362      0.0010000
    19.0134267      1.6756978      0.0010000
    19.0342747     -1.9428247      0.0010000
    19.0551228      1.9712736      0.0010000
    19.0759708     -1.4607695      0.0010000
    19.0968189      0.7728002      0.0010000
    19.1176669     -0.5425041      0.0010000
    19.1385150     -0.0435754      0.0010000
    19.1593631      0.9397766      0.0010000
    19.1802111     -1.1743266      0.0010000
    19.2010592      1.6703455      0.0010000
    19.2219072     -1.9128574      0.0010000
    19.2427553      2.0950283      0.0010000
    19.2636033     -2.0532282      0.0010000
    19.2844514      1.5232172      0.0010000
    19.3052994     -1.7099147      0.0010000
    19.3261475      0.2904325      0.0010000
    19.3469956     -0.5292589      0.0010000
    19.3678436     -0.0936629      0.0010000
    19.3886917      0.3039385      0.0010000
    19.4095397     -1.0054178      0.0010000
    19.4303878      1.4796246      0.0010000
    19.4512358     -1.9091509      0.0010000
    19.4720839      1.8612511      0.0010000
    19.4929319     -2.0191326      0.0010000
    19.5137800      2.3255090      0.0010000
    19.5346281     -1.5608070      0.0010000
    19.5554761      1.0444940      0.0010000
    19.5763242     -0.6795117      0.0010000
    19.5971722      0.3813830      0.0010000
    19.6180203      0.5322618      0.0010000
    19.6388683     -0.7762649      0.0010000
    19.6597164      1.4422579      0.0010000
    19.6805644     -1.7848619      0.0010000
    19.7014125      1.8043664      0.0010000
    19.7222606     -1.6518014      0.0010000
    19.7431086      1.7878554      0.0010000
    19.7639567     -1.6810500      0.0010000
    19.7848047      1.3228485      0.0010000
    19.8056528     -1.0438931      0.0010000
    19.8265008      0.2118429      0.0010000
    19.8473489      0.4428636      0.0010000
    19.8681969     -0.5284936      0.0010000
    19.8890450      1.1262935      0.0010000
    19.9098931     -1.8335033      0.0010000
    19.9307411      2.2963190      0.0010000
    19.9515892     -1.7102222      0.0010000
    19.9724372      2.8248244      0.0010000
    19.9932853     -1.7253523      0.0010000
    20.0141333      1.4433655      0.0010000
    20.0349814     -1.0832965      0.0010000
    20.0558294      0.2866323      0.0010000
    20.0766775     -0.2028420      0.0010000
    20.0975256     -0.6956557      0.0010000
    20.1183736      0.5906125      0.0010000
    20.1392217     -1.6086225      0.0010000
    20.1600697      1.6340762      0.0010000
    20.1809178     -2.2748442      0.0010000
    20.2017658      2.1450960      0.0010000
    20.2226139     -2.0005674      0.0010000
    20.2434619      1.5975666      0.0010000
    20.2643100     -1.3684363      0.0010000
    20.2851581      0.4522589      0.0010000
    20.3060061     -0.3633540      0.0010000
    20.3268542     -0.0619252      0.0010000
    20.3477022      1.0270399      0.0010000
    20.3685503     -1.3140478      0.0010000
    20.3893983      1.9392616      0.0010000
    20.4102464     -2.2408597      0.0010000
    20.4310944      2.2272109      0.0010000
    20.4519425     -2.2063102      0.0010000
    20.4727906      1.7700532      0.0010000
    20.4936386     -1.1734024      0.0010000
    20.5144867      1.0903804      0.0010000
    20.5353347     -0.2176074      0.0010000
    20.5561828      0.1584484      0.0010000
    20.5770308      0.5116843      0.0010000
    20.5978789     -1.6400984      0.0010000
    20.6187269      1.5026535      0.0010000
    20.6395750     -2.1185586      0.0010000
    20.6604231      2.1345087      0.0010000
    20.6812711     -2.0217337      0.0010000
    20.7021192      2.0454266      0.0010000
    20.7229672     -1.5862556      0.0010000
    20.7438153      0.9413904      0.0010000
    20.7646633     -0.5774102      0.0010000
    20.7855114      0.2048184      0.0010000
    20.8063594      0.4916633      0.0010000
    20.8272075     -0.9792302      0.0010000
    20.8480556      1.8598950      0.0010000
    20.8689036     -1.5008591      0.0010000
    20.8897517      2.1004671      0.0010000
    20.9105997     -1.7814786      0.0010000
    20.9314478      1.8810619      0.0010000
    20.9522958     -1.7765987      0.0010000
    20.9731439      1.1207168      0.0010000
    20.9939919     -0.9034654      0.0010000
    21.0148400      0.0042461      0.0010000
    21.0356881      0.6787013      0.0010000
    21.0565361     -0.9808807      0.0010000
    21.0773842      1.3107087      0.0010000
    21.0982322     -1.8153091      0.0010000
    21.1190803      1.8469792      0.0010000
    21.1399283     -1.9214426      0.0010000
    21.1607764      2.2089346      0.0010000
    21.1816244     -1.9356936      0.0010000
    21.2024725      1.6152256      0.0010000
    21.2233206     -0.7440730      0.0010000
    21.2441686      0.1425827      0.0010000
    21.2650167      0.1992176      0.0010000
    21.2858647     -0.7654956      0.0010000
    21.3067128      1.3261745      0.0010000
    21.3275608     -1.8743172      0.0010000
    21.3484089      2.0766219      0.0010000
    21.3692569     -2.1645135      0.0010000
    21.3901050      2.4085518      0.0010000
    21.4109531     -1.7701149      0.0010000
    21.4318011      1.6898016      0.0010000
    21.4526492     -1.1363811      0.0010000
    21.4734972      0.4408893      0.0010000
    21.4943453      0.2476673      0.0010000
    21.5151933     -0.6791300      0.0010000
    21.5360414      1.1992471      0.0010000
    21.5568894     -1.2819045      0.0010000
    21.5777375      2.2249326      0.0010000
    21.5985856     -2.1229394      0.0010000
    21.6194336      2.0241658      0.0010000
    21.6402817     -1.9240550      0.0010000
    21.6611297      1.5011058      0.0010000
    21.6819778     -1.6153717      0.0010000
    21.7028258      0.8535012      0.0010000
    21.7236739      0.1987414      0.0010000
    21.7445219     -0.4779571      0.0010000
    21.7653700      1.1454815      0.0010000
    21.7862181     -1.4793225      0.0010000
    21.8070661      2.2657621      0.0010000
    21.8279142     -1.7034757      0.0010000
    21.8487622      1.8748143      0.0010000
    21.8696103     -2.0082617      0.0010000
    21.8904583      1.7193900      0.0010000
    21.9113064     -1.4251637      0.0010000
    21.9321544      1.0500638      0.0010000
    21.9530025     -0.3170169      0.0010000
    21.9738506     -0.2123589      0.0010000
    21.9946986      0.6238355      0.0010000
    22.0155467     -1.0274864      0.0010000
    22.0363947      1.6823750      0.0010000
    22.0572428     -2.1057570      0.0010000
    22.0780908      1.8475913      0.0010000
    22.0989389     -1.8564787      0.0010000
    22.1197869      1.8346338      0.0010000
    22.1406350     -1.8482639      0.0010000
    22.1614831      1.2366243      0.0010000
    22.1823311     -0.4816130      0.0010000
    22.2031792      0.0579280      0.0010000
    22.2240272      0.6629977      0.0010000
    22.2448753     -1.0613699      0.0010000
    22.2657233      1.5747074      0.0010000
    22.2865714     -2.2321342      0.0010000
    22.3074194      2.1204053      0.0010000
    22.3282675     -2.0398696      0.0010000
    22.3491156      1.9388728      0.0010000
    22.3699636     -1.5721635      0.0010000
    22.3908117      1.0689624      0.0010000
    22.4116597     -0.9151794      0.0010000
    22.4325078      0.3476009      0.0010000
    22.4533558      0.4077091      0.0010000
    22.4742039     -1.0472363      0.0010000
    22.4950519      1.5730521      0.0010000
    22.5159000     -1.5173148      0.0010000
    22.5367481      1.9895896      0.0010000
    22.5575961     -1.9004269      0.0010000
    22.5784442      2.1388562      0.0010000
    22.5992922     -1.5133148      0.0010000
    22.6201403      0.8379383      0.0010000
    22.6409883     -0.8773150      0.0010000
    22.6618364      0.1232385      0.0010000
    22.6826844      0.5166229      0.0010000
    22.7035325     -0.6032086      0.0010000
    22.7243806      1.4240755      0.0010000
    22.7452286     -1.8216721      0.0010000
    22.7660767      1.7746673      0.0010000
    22.7869247     -1.8579681      0.0010000
    22.8077728      1.9402804      0.0010000
    22.8286208     -2.1128547      0.0010000
    22.8494689      1.2186173      0.0010000
    22.8703169     -1.2545325      0.0010000
    22.8911650      0.7839064      0.0010000
    22.9120131      0.0743127      0.0010000
    22.9328611     -0.5374001      0.0010000
    22.9537092      1.0991192      0.0010000
    22.9745572     -1.4563251      0.0010000
    22.9954053      2.1281007      0.0010000
    23.0162533     -2.1248389      0.0010000
    23.0371014      2.4255681      0.0010000
    23.0579494     -2.1780087      0.0010000
    23.0787975      1.4191747      0.0010000
    23.0996456     -0.9577988      0.0010000
    23.1204936      0.9594687      0.0010000
    23.1413417     -0.0524272      0.0010000
    23.1621897     -0.5414796      0.0010000
    23.1830378      0.7945176      0.0010000
    23.2038858     -1.3777565      0.0010000
    23.2247339      1.8395690      0.0010000
    23.2455819     -2.1289343      0.0010000
    23.2664300      2.0937307      0.0010000
    23.2872781     -1.9657541      0.0010000
    23.3081261      1.6657093      0.0010000
    23.3289742     -1.3182622      0.0010000
    23.3498222      0.7664144      0.0010000
    23.3706703     -0.5796439      0.0010000
    23.3915183     -0.3197173      0.0010000
    23.4123664      0.6657080      0.0010000
    23.4332144     -1.5061845      0.0010000
    23.4540625      1.5706956      0.0010000
    23.4749106     -1.9838893      0.0010000
    23.4957586      1.9270920      0.0010000
    23.5166067     -2.3128054      0.0010000
    23.5374547      1.7384129      0.0010000
    23.5583028     -1.7740966      0.0010000
    23.5791508      0.8838243      0.0010000
    23.5999989     -0.3291336      0.0010000
    23.6208469      0.2787490      0.0010000
    23.6416950      0.7466037      0.0010000
    23.6625431     -1.1050844      0.0010000
    23.6833911      1.5755886      0.0010000
    23.7042392     -1.7851735      0.0010000
    23.7250872      2.1902727      0.0010000
    23.7459353     -2.2516167      0.0010000
    23.7667833      1.9554432      0.0010000
    23.7876314     -1.5969450      0.0010000
    23.8084794      1.3757850      0.0010000
    23.8293275     -0.3855456      0.0010000
    23.8501756      0.4606860      0.0010000
    23.8710236      0.3460299      0.0010000
    23.8918717     -0.6302640      0.0010000
    23.9127197      1.5938402      0.0010000
    23.9335678     -1.9405779      0.0010000
    23.9544158      1.9029498      0.0010000
    23.9752639     -1.8644669      0.0010000
    23.9961119      1.8600930      0.0010000
    24.0169600     -1.6199739      0.0010000
    24.0378081      1.1906359      0.0010000
    24.0586561     -0.9394632      0.0010000
    24.0795042      0.3714894      0.0010000
    24.1003522      0.3104582      0.0010000
    24.1212003     -0.7105612      0.0010000
    24.1420483      1.7000362      0.0010000
    24.1628964     -1.7809345      0.0010000
    24.1837444      1.7697758      0.0010000
    24.2045925     -1.9846724      0.0010000
    24.2254406      2.2133746      0.0010000
    24.2462886     -2.1403874      0.0010000
    24.2671367      1.5385480      0.0010000
    24.2879847     -0.7852802      0.0010000
    24.3088328      0.6438990      0.0010000
    24.3296808      0.1200152      0.0010000
    24.3505289     -0.9004079      0.0010000
    24.3713769      0.9656169      0.0010000
    24.3922250     -1.5066264      0.0010000
    24.4130731      2.0907987      0.0010000
    24.4339211     -1.9846588      0.0010000
    24.4547692      2.3848462      0.0010000
    24.4756172     -2.2508814      0.0010000
    24.4964653      1.2280390      0.0010000
    24.5173133     -1.4531279      0.0010000
    24.5381614      0.8889530      0.0010000
    24.5590094     -0.3069202      0.0010000
    24.5798575     -0.1177265      0.0010000
    24.6007056      0.8672559      0.0010000
    24.6215536     -1.3455551      0.0010000
    24.6424017      2.2945662      0.0010000
    24.6632497     -1.7793020      0.0010000
    24.6840978      2.0743194      0.0010000
    24.7049458     -1.8503202      0.0010000
    24.7257939      1.6994949      0.0010000
    24.7466419     -1.1442407      0.0010000
    24.7674900      0.9921631      0.0010000
    24.7883381     -0.5947906      0.0010000
    24.8091861     -0.4498517      0.0010000
    24.8300342      1.0205390      0.0010000
    24.8508822     -1.6255392      0.0010000
    24.8717303      1.9967351      0.0010000
    24.8925783     -2.1849912      0.0010000
    24.9134264      2.4190001      0.0010000
    24.9342744     -2.5246083      0.0010000
    24.9551225      1.6404686      0.0010000
    24.9759706     -1.4852201      0.0010000
    24.9968186      0.9991131      0.0010000
    25.0176667     -0.1716748      0.0010000
    25.0385147     -0.3364614      0.0010000
    25.0593628      0.6083096      0.0010000
    25.0802108     -1.1989201      0.0010000
    25.1010589      1.9440213      0.0010000
    25.1219069     -1.8886091      0.0010000
    25.1427550      2.4750001      0.0010000
    25.1636031     -2.0812329      0.0010000
    25.1844511      2.0422283      0.0010000
    25.2052992     -1.4942469      0.0010000
    25.2261472      0.7922242      0.0010000
    25.2469953     -0.3420215      0.0010000
    25.2678433     -0.0999825      0.0010000
    25.2886914      0.5441881      0.0010000
    25.3095394     -1.0641497      0.0010000
    25.3303875      1.2653132      0.0010000
    25.3512356     -2.2497146      0.0010000
    25.3720836      1.9422219      0.0010000
    25.3929317     -2.1204420      0.0010000
    25.4137797      2.0311498      0.0010000
    25.4346278     -1.7572820      0.0010000
    25.4554758      0.9279263      0.0010000
    25.4763239     -0.8529190      0.0010000
    25.4971719      0.6694363      0.0010000
    25.5180200      0.2365053      0.0010000
    25.5388681     -1.1251008      0.0010000
    25.5597161      1.3438762      0.0010000
    25.5805642     -2.2022129      0.0010000
    25.6014122      1.9772593      0.0010000
    25.6222603     -2.2431026      0.0010000
    25.6431083      1.6432521      0.0010000
    25.6639564     -2.2183426      0.0010000
    25.6848044      1.3104745      0.0010000
    25.7056525     -1.0211044      0.0010000
    25.7265006      0.6430782      0.0010000
    25.7473486     -0.0131692      0.0010000
    25.7681967     -0.7609113      0.0010000
    25.7890447      1.2419000      0.0010000
    25.8098928     -1.6744852      0.0010000
    25.8307408      2.3781736      0.0010000
    25.8515889     -2.1074533      0.0010000
    25.8724369      2.1691520      0.0010000
    25.8932850     -1.8681629      0.0010000
    25.9141331      1.8985322      0.0010000
    25.9349811     -1.1140991      0.0010000
    25.9558292      0.7930023      0.0010000
    25.9766772     -0.1598072      0.0010000
    25.9975253     -0.2772833      0.0010000
    26.0183733      0.8950127      0.0010000
    26.0392214     -1.3084695      0.0010000
    26.0600694      2.1685680      0.0010000
    26.0809175     -2.0082145      0.0010000
    26.1017656      2.2779418      0.0010000
    26.1226136     -1.9372532      0.0010000
    26.1434617      1.7377205      0.0010000
    26.1643097     -1.7351550      0.0010000
    26.1851578      0.8477616      0.0010000
    26.2060058     -0.1043932      0.0010000
    26.2268539     -0.2370581      0.0010000
    26.2477019      0.8345612      0.0010000
    26.2685500     -1.3045077      0.0010000
    26.2893981      1.6355002      0.0010000
    26.3102461     -1.8354479      0.0010000
    26.3310942      2.3508238      0.0010000
    26.3519422     -2.1264732      0.0010000
    26.3727903      1.6045342      0.0010000
    26.3936383     -1.8695549      0.0010000
    26.4144864      1.0462687      0.0010000
    26.4353344     -0.6306093      0.0010000
    26.4561825     -0.2616024      0.0010000
    26.4770306      0.9707508      0.0010000
    26.4978786     -1.2082162      0.0010000
    26.5187267      1.8478049      0.0010000
    26.5395747     -2.0935703      0.0010000
    26.5604228      2.3542121      0.0010000
    26.5812708     -2.1979417      0.0010000
    26.6021189      2.2737252      0.0010000
    26.6229669     -1.6681489      0.0010000
    26.6438150      1.5297743      0.0010000
    26.6646631     -0.7449753      0.0010000
    26.6855111     -0.0507059      0.0010000
    26.7063592      0.7012139      0.0010000
    26.7272072     -0.9419868      0.0010000
    26.7480553      1.8401093      0.0010000
    26.7689033     -2.2713586      0.0010000
    26.7897514      2.1997741      0.0010000
    26.8105994     -2.0190390      0.0010000
    26.8314475      2.1014313      0.0010000
    26.8522956     -1.7721532      0.0010000
    26.8731436      1.5532467      0.0010000
    26.8939917     -0.7020486      0.0010000
    26.9148397      0.4452034      0.0010000
    26.9356878     -0.2759762      0.0010000
    26.9565358     -0.7737633      0.0010000
    26.9773839      1.4001231      0.0010000
    26.9982319     -1.7542062      0.0010000
    27.0190800      1.3738909      0.0010000
    27.0399281     -2.3271063      0.0010000
    27.0607761      2.3264427      0.0010000
    27.0816242     -1.8808362      0.0010000
    27.1024722      1.6126250      0.0010000
    27.1233203     -1.1250384      0.0010000
    27.1441683      0.3467186      0.0010000
    27.1650164     -0.1200810      0.0010000
    27.1858644     -0.7519973      0.0010000
    27.2067125      1.1433577      0.0010000
    27.2275606     -1.8977730      0.0010000
    27.2484086      2.2330051      0.0010000
    27.2692567     -2.1384483      0.0010000
    27.2901047      2.2604712      0.0010000
    27.3109528     -2.1925330      0.0010000
    27.3318008      1.7547703      0.0010000
    27.3526489     -1.0282826      0.0010000
    27.3734969      0.9358831      0.0010000
    27.3943450     -0.0385461      0.0010000
    27.4151931     -0.6363632      0.0010000
    27.4360411      1.1994615      0.0010000
    27.4568892     -1.4618515      0.0010000
    27.4777372      2.1575819      0.0010000
    27.4985853     -2.1924064      0.0010000
    27.5194333      2.2556931      0.0010000
    27.5402814     -2.5377523      0.0010000
    27.5611294      1.7614948      0.0010000
    27.5819775     -1.1505259      0.0010000
    27.6028256      0.9812959      0.0010000
    27.6236736     -0.3261429      0.0010000
    27.6445217     -0.1211118      0.0010000
    27.6653697      1.0448864      0.0010000
    27.6862178     -1.0276015      0.0010000
    27.7070658      1.8937283      0.0010000
    27.7279139     -2.3648400      0.0010000
    27.7487619      2.1226100      0.0010000
    27.7696100     -2.4600326      0.0010000
    27.7904581      2.0493122      0.0010000
    27.8113061     -1.3239717      0.0010000
    27.8321542      1.0707548      0.0010000
    27.8530022     -0.3805471      0.0010000
    27.8738503      0.0095899      0.0010000
    27.8946983      1.0864401      0.0010000
    27.9155464     -1.1697081      0.0010000
    27.9363944      1.7483429      0.0010000
    27.9572425     -2.3468666      0.0010000
    27.9780906      1.7657389      0.0010000
    27.9989386     -2.2267288      0.0010000
    28.0197867      2.0547837      0.0010000
    28.0406347     -1.9902850      0.0010000
    28.0614828      1.1845704      0.0010000
    28.0823308     -0.8832581      0.0010000
    28.1031789      0.0881511      0.0010000
    28.1240269      0.3986366      0.0010000
    28.1448750     -0.8176425      0.0010000
    28.1657231      1.3170550      0.0010000
    28.1865711     -1.8227333      0.0010000
    28.2074192      2.2151829      0.0010000
    28.2282672     -1.9664622      0.0010000
    28.2491153      2.1319558      0.0010000
    28.2699633     -2.2199953      0.0010000
    28.2908114      1.3845369      0.0010000
    28.3116594     -1.1154081      0.0010000
    28.3325075      0.1819542      0.0010000
    28.3533556      0.6147750      0.0010000
    28.3742036     -0.9900991      0.0010000
    28.3950517      1.1869721      0.0010000
    28.4158997     -2.1681432      0.0010000
    28.4367478      2.1962951      0.0010000
    28.4575958     -2.5217088      0.0010000
    28.4784439      1.9553142      0.0010000
    28.4992919     -1.6870136      0.0010000
    28.5201400      1.4938920      0.0010000
    28.5409881     -1.5390740      0.0010000
    28.5618361      0.8421987      0.0010000
    28.5826842      0.1928179      0.0010000
    28.6035322     -0.8168877      0.0010000
    28.6243803      1.4060208      0.0010000
    28.6452283     -1.8982822      0.0010000
    28.6660764      1.7850511      0.0010000
    28.6869244     -2.4990105      0.0010000
    28.7077725      2.4851167      0.0010000
    28.7286206     -1.9494344      0.0010000
    28.7494686      1.4985276      0.0010000
    28.7703167     -1.3278416      0.0010000
    28.7911647      0.7343936      0.0010000
    28.8120128      0.1781672      0.0010000
    28.8328608     -0.4872803      0.0010000
    28.8537089      1.3712877      0.0010000
    28.8745569     -1.4498875      0.0010000
    28.8954050      1.9258706      0.0010000
    28.9162531     -2.1794864      0.0010000
    28.9371011      2.3592979      0.0010000
    28.9579492     -1.9584389      0.0010000
    28.9787972      2.1730120      0.0010000
    28.9996453     -1.4850599      0.0010000
    29.0204933      1.1351952      0.0010000
    29.0413414     -0.1099231      0.0010000
    29.0621894     -0.3521404      0.0010000
    29.0830375      0.7643993      0.0010000
    29.1038856     -1.9908079      0.0010000
    29.1247336      2.0503344      0.0010000
    29.1455817     -1.9680552      0.0010000
    29.1664297      2.4094923      0.0010000
    29.1872778     -2.1497688      0.0010000
    29.2081258      1.7658142      0.0010000
    29.2289739     -1.6441719      0.0010000
    29.2498219      0.7264200      0.0010000
    29.2706700     -0.5876862      0.0010000
    29.2915181     -0.1812649      0.0010000
    29.3123661      0.9942084      0.0010000
    29.3332142     -1.4959338      0.0010000
    29.3540622      1.8581767      0.0010000
    29.3749103     -1.6111111      0.0010000
    29.3957583      2.0247140      0.0010000
    29.4166064     -2.2818763      0.0010000
    29.4374544      2.3974473      0.0010000
    29.4583025     -1.6696565      0.0010000
    29.4791506      1.1908808      0.0010000
    29.4999986     -0.5909780      0.0010000
    29.5208467      0.3283929      0.0010000
    29.5416947      0.6500058      0.0010000
    29.5625428     -0.9234767      0.0010000
    29.5833908      1.7028239      0.0010000
    29.6042389     -2.1490658      0.0010000
    29.6250869      2.2691326      0.0010000
    29.6459350     -2.5803722      0.0010000
    29.6667831      2.3154427      0.0010000
    29.6876311     -2.0683228      0.0010000
    29.7084792      1.2134970      0.0010000
    29.7293272     -0.9376566      0.0010000
    29.7501753      0.3226209      0.0010000
    29.7710233      0.1794814      0.0010000
    29.7918714     -1.1230536      0.0010000
    29.8127194      1.7523462      0.0010000
    29.8335675     -1.8785153      0.0010000
    29.8544156      2.3422570      0.0010000
    29.8752636     -2.1757194      0.0010000
    29.8961117      2.2418831      0.0010000
    29.9169597     -2.1230880      0.0010000
    29.9378078      1.6848282      0.0010000
    29.9586558     -1.1343328      0.0010000
    29.9795039      0.5641521      0.0010000
    30.0003519      0.2083318      0.0010000
    30.0212000     -0.6746303      0.0010000
    30.0420481      1.7915447      0.0010000
    30.0628961     -1.8993659      0.0010000
    30.0837442      2.1888499      0.0010000
    30.1045922     -2.3052215      0.0010000
    30.1254403      2.5216485      0.0010000
    30.1462883     -2.3646184      0.0010000
    30.1671364      1.4932513      0.0010000
    30.1879844     -1.5250505      0.0010000
    30.2088325      0.7149597      0.0010000
    30.2296806      0.1233996      0.0010000
    30.2505286     -0.6957264      0.0010000
    30.2713767      1.4122142      0.0010000
    30.2922247     -1.7139742      0.0010000
    30.3130728      2.2623526      0.0010000
    30.3339208     -2.1569434      0.0010000
    30.3547689      2.0662606      0.0010000
    30.3756169     -2.2481564      0.0010000
    30.3964650      1.6246356      0.0010000
    30.4173131     -1.5552025      0.0010000
    30.4381611      0.6067266      0.0010000
    30.4590092     -0.2154441      0.0010000
    30.4798572     -0.2468294      0.0010000
    30.5007053      0.9389465      0.0010000
    30.5215533     -1.3751793      0.0010000
    30.5424014      1.7864860      0.0010000
    30.5632494     -2.0375240      0.0010000
    30.5840975      2.3094746      0.0010000
    30.6049456     -1.8601610      0.0010000
    30.6257936      1.8860559      0.0010000
    30.6466417     -1.6480669      0.0010000
    30.6674897      1.5554083      0.0010000
    30.6883378     -0.3868949      0.0010000
    30.7091858      0.1170604      0.0010000
    30.7300339      0.8203310      0.0010000
    30.7508819     -1.5169129      0.0010000
    30.7717300      1.8822936      0.0010000
    30.7925781     -2.1683629      0.0010000
    30.8134261      1.9676866      0.0010000
    30.8342742     -2.6140755      0.0010000
    30.8551222      1.8066831      0.0010000
    30.8759703     -1.9512786      0.0010000
    30.8968183      1.3023005      0.0010000
    30.9176664     -0.7607066      0.0010000
    30.9385144     -0.3211060      0.0010000
    30.9593625      0.1689242      0.0010000
    30.9802106     -1.1677133      0.0010000
    31.0010586      1.2195554      0.0010000
    31.0219067     -2.3352403      0.0010000
    31.0427547      2.3402583      0.0010000
    31.0636028     -2.0969675      0.0010000
    31.0844508      2.2724056      0.0010000
    31.1052989     -2.0637835      0.0010000
    31.1261469      1.4933171      0.0010000
    31.1469950     -0.6295732      0.0010000
    31.1678431      0.1975103      0.0010000
    31.1886911      0.0403994      0.0010000
    31.2095392     -1.1461863      0.0010000
    31.2303872      1.5613401      0.0010000
    31.2512353     -1.8497346      0.0010000
    31.2720833      2.4575864      0.0010000
    31.2929314     -2.2379309      0.0010000
    31.3137794      2.5849997      0.0010000
    31.3346275     -2.0566332      0.0010000
    31.3554756      1.6598684      0.0010000
    31.3763236     -1.1616359      0.0010000
    31.3971717      0.3619900      0.0010000
    31.4180197      0.0344778      0.0010000
    31.4388678     -0.6161621      0.0010000
    31.4597158      1.3173165      0.0010000
    31.4805639     -2.0088327      0.0010000
    31.5014119      2.0854951      0.0010000
    31.5222600     -2.5190698      0.0010000
    31.5431081      2.1758659      0.0010000
    31.5639561     -1.5804370      0.0010000
    31.5848042      2.1650446      0.0010000
    31.6056522     -1.5139790      0.0010000
    31.6265003      0.4487829      0.0010000
    31.6473483      0.2618343      0.0010000
    31.6681964     -0.3398073      0.0010000
    31.6890444      1.2450758      0.0010000
    31.7098925     -1.9382080      0.0010000
    31.7307406      1.9606126      0.0010000
    31.7515886     -2.5798829      0.0010000
    31.7724367      2.1840738      0.0010000
    31.7932847     -2.1118097      0.0010000
    31.8141328      1.8810041      0.0010000
    31.8349808     -1.6216838      0.0010000
    31.8558289      0.8394251      0.0010000
    31.8766769     -0.3340893      0.0010000
    31.8975250     -0.4456684      0.0010000
    31.9183731      0.9070560      0.0010000
    31.9392211     -1.4573053      0.0010000
    31.9600692      1.5724676      0.0010000
    31.9809172     -2.1575890      0.0010000
    32.0017653      2.0758074      0.0010000
    32.0226133     -2.4961444      0.0010000
    32.0434614      1.7996494      0.0010000
    32.0643094     -1.3526082      0.0010000
    32.0851575      1.2485976      0.0010000
    32.1060056     -0.5193679      0.0010000
    32.1268536     -0.3393216      0.0010000
    32.1477017      0.9864038      0.0010000
    32.1685497     -1.3016544      0.0010000
    32.1893978      1.8573516      0.0010000
    32.2102458     -2.2069198      0.0010000
    32.2310939      2.2559869      0.0010000
    32.2519419     -1.9724738      0.0010000
    32.2727900      2.0608536      0.0010000
    32.2936381     -2.0008605      0.0010000
    32.3144861      1.6927340      0.0010000
    32.3353342     -0.7981761      0.0010000
    32.3561822      0.3401237      0.0010000
    32.3770303      0.6386081      0.0010000
    32.3978783     -0.5590442      0.0010000
    32.4187264      1.5185593      0.0010000
    32.4395744     -1.8223294      0.0010000
    32.4604225      2.1482565      0.0010000
    32.4812706     -1.8204603      0.0010000
    32.5021186      2.4532800      0.0010000
    32.5229667     -2.1224713      0.0010000
    32.5438147      1.3956333      0.0010000
    32.5646628     -0.9029197      0.0010000
    32.5855108      0.4363872      0.0010000
    32.6063589     -0.0548359      0.0010000
    32.6272069     -1.0696925      0.0010000
    32.6480550      1.5679246      0.0010000
    32.6689031     -1.7349135      0.0010000
    32.6897511      2.4062599      0.0010000
    32.7105992     -2.3918311      0.0010000
    32.7314472      1.8272102      0.0010000
    32.7522953     -2.0097745      0.0010000
    32.7731433      1.9658257      0.0010000
    32.7939914     -0.9940135      0.0010000
    32.8148394      0.3288294      0.0010000
    32.8356875      0.4739302      0.0010000
    32.8565356     -0.8279858      0.0010000
    32.8773836      1.5748545      0.0010000
    32.8982317     -1.8339762      0.0010000
    32.9190797      2.6157938      0.0010000
    32.9399278     -2.2559416      0.0010000
    32.9607758      2.0924309      0.0010000
    32.9816239     -2.2003696      0.0010000
    33.0024719      1.6753901      0.0010000
    33.0233200     -1.2788243      0.0010000
    33.0441681      0.8261656      0.0010000
    33.0650161      0.1961104      0.0010000
    33.0858642     -0.4590360      0.0010000
    33.1067122      1.1708861      0.0010000
    33.1275603     -1.8501999      0.0010000
    33.1484083      2.5421085      0.0010000
    33.1692564     -2.4162618      0.0010000
    33.1901044      2.5714214      0.0010000
    33.2109525     -2.4027813      0.0010000
    33.2318006      1.7524017      0.0010000
    33.2526486     -1.4730755      0.0010000
    33.2734967      1.0676446      0.0010000
    33.2943447     -0.4191189      0.0010000
    33.3151928     -0.2773164      0.0010000
    33.3360408      0.8854911      0.0010000
    33.3568889     -1.7772802      0.0010000
    33.3777369      2.2386169      0.0010000
    33.3985850     -2.5861229      0.0010000
    33.4194331      2.1273548      0.0010000
    33.4402811     -2.3952007      0.0010000
    33.4611292      1.8996088      0.0010000
    33.4819772     -1.7058795      0.0010000
    33.5028253      0.9134756      0.0010000
    33.5236733     -0.5763799      0.0010000
    33.5445214     -0.1773586      0.0010000
    33.5653694      0.9283437      0.0010000
    33.5862175     -1.2706322      0.0010000
    33.6070656      1.9554434      0.0010000
    33.6279136     -1.9546554      0.0010000
    33.6487617      2.5008840      0.0010000
    33.6696097     -1.9993551      0.0010000
    33.6904578      2.3162581      0.0010000
    33.7113058     -1.7264119      0.0010000
    33.7321539      1.4655688      0.0010000
    33.7530019     -0.7055450      0.0010000
    33.7738500     -0.0901453      0.0010000
    33.7946981      0.4008641      0.0010000
    33.8155461     -0.8406324      0.0010000
    33.8363942      1.5017898      0.0010000
    33.8572422     -2.2944383      0.0010000
    33.8780903      2.0809958      0.0010000
    33.8989383     -2.1048312      0.0010000
    33.9197864      2.2229381      0.0010000
    33.9406344     -1.9369411      0.0010000
    33.9614825      1.2424794      0.0010000
    33.9823306     -0.6487147      0.0010000
    34.0031786      0.0742873      0.0010000
    34.0240267      0.4695089      0.0010000
    34.0448747     -0.9244912      0.0010000
    34.0657228      1.6904038      0.0010000
    34.0865708     -2.1513983      0.0010000
    34.1074189      2.4545278      0.0010000
    34.1282669     -2.3134200      0.0010000
    34.1491150      2.2708266      0.0010000
    34.1699631     -2.0324571      0.0010000
    34.1908111      1.5691597      0.0010000
    34.2116592     -1.4424578      0.0010000
    34.2325072      0.6224421      0.0010000
    34.2533553     -0.1506048      0.0010000
    34.2742033     -0.5913912      0.0010000
    34.2950514      1.4783716      0.0010000
    34.3158994     -2.1142307      0.0010000
    34.3367475      2.1964618      0.0010000
    34.3575956     -2.6136893      0.0010000
    34.3784436      2.3612045      0.0010000
    34.3992917     -1.6249773      0.0010000
    34.4201397      1.6025215      0.0010000
    34.4409878     -0.8783513      0.0010000
    34.4618358      0.8332372      0.0010000
    34.4826839     -0.0533951      0.0010000
    34.5035319     -0.3472369      0.0010000
    34.5243800      1.4388089      0.0010000
    34.5452281     -1.6799877      0.0010000
    34.5660761      2.1532026      0.0010000
    34.5869242     -2.2546338      0.0010000
    34.6077722      2.1583618      0.0010000
    34.6286203     -2.4245132      0.0010000
    34.6494683      1.8162188      0.0010000
    34.6703164     -1.7002398      0.0010000
    34.6911644      1.1019742      0.0010000
    34.7120125     -0.3374203      0.0010000
    34.7328606     -0.4624863      0.0010000
    34.7537086      0.9145662      0.0010000
    34.7745567     -1.5937772      0.0010000
    34.7954047      2.0686350      0.0010000
    34.8162528     -2.1384703      0.0010000
    34.8371008      2.2899988      0.0010000
    34.8579489     -2.5010206      0.0010000
    34.8787969      2.1834430      0.0010000
    34.8996450     -1.6314629      0.0010000
    34.9204931      1.0853069      0.0010000
    34.9413411     -0.7258510      0.0010000
    34.9621892     -0.0895089      0.0010000
    34.9830372      0.6769407      0.0010000
    35.0038853     -1.4487402      0.0010000
    35.0247333      1.8892280      0.0010000
    35.0455814     -2.3688263      0.0010000
    35.0664294      2.4836269      0.0010000
    35.0872775     -2.3981555      0.0010000
    35.1081256      2.2566940      0.0010000
    35.1289736     -1.8113377      0.0010000
    35.1498217      1.2950490      0.0010000
    35.1706697     -1.3547748      0.0010000
    35.1915178     -0.3123260      0.0010000
    35.2123658      0.5789288      0.0010000
    35.2332139     -1.2769661      0.0010000
    35.2540619      2.2237935      0.0010000
    35.2749100     -2.1904745      0.0010000
    35.2957581      2.5924226      0.0010000
    35.3166061     -2.3596603      0.0010000
    35.3374542      2.1700851      0.0010000
    35.3583022     -2.0312940      0.0010000
    35.3791503      1.2592448      0.0010000
    35.3999983     -1.0462324      0.0010000
    35.4208464      0.5015039      0.0010000
    35.4416944      0.3788888      0.0010000
    35.4625425     -0.9503030      0.0010000
    35.4833906      1.5233550      0.0010000
    35.5042386     -2.1583567      0.0010000
    35.5250867      2.2631287      0.0010000
    35.5459347     -2.2655022      0.0010000
    35.5667828      2.5215631      0.0010000
    35.5876308     -2.0521449      0.0010000
    35.6084789      1.5919316      0.0010000
    35.6293269     -1.2157872      0.0010000
    35.6501750      0.4808043      0.0010000
    35.6710231      0.3021135      0.0010000
    35.6918711     -0.7971876      0.0010000
    35.7127192      1.2315925      0.0010000
    35.7335672     -1.5008729      0.0010000
    35.7544153      1.9726842      0.0010000
    35.7752633     -2.5633223      0.0010000
    35.7961114      2.5600627      0.0010000
    35.8169594     -2.0919186      0.0010000
    35.8378075      2.0573773      0.0010000
    35.8586556     -1.4014341      0.0010000
    35.8795036      0.3898442      0.0010000
    35.9003517     -0.0575540      0.0010000
    35.9211997     -0.7159636      0.0010000
    35.9420478      1.1422829      0.0010000
    35.9628958     -1.7635502      0.0010000
    35.9837439      2.2195056      0.0010000
    36.0045919     -2.1141919      0.0010000
    36.0254400      2.7890428      0.0010000
    36.0462881     -2.4599138      0.0010000
    36.0671361      2.2510120      0.0010000
    36.0879842     -1.5515991      0.0010000
    36.1088322      1.0308854      0.0010000
    36.1296803     -0.3447073      0.0010000
    36.1505283     -0.3808812      0.0010000
    36.1713764      1.0247187      0.0010000
    36.1922244     -1.2795241      0.0010000
    36.2130725      2.1793256      0.0010000
    36.2339206     -2.6293245      0.0010000
    36.2547686      2.4186222      0.0010000
    36.2756167     -2.4347176      0.0010000
    36.2964647      1.8288878      0.0010000
    36.3173128     -1.3473194      0.0010000
    36.3381608      1.0781737      0.0010000
    36.3590089     -0.5050034      0.0010000
    36.3798569     -0.0932501      0.0010000
    36.4007050      1.0607396      0.0010000
    36.4215531     -1.2540285      0.0010000
    36.4424011      1.9874695      0.0010000
    36.4632492     -2.3039425      0.0010000
    36.4840972      2.4122023      0.0010000
    36.5049453     -2.0715337      0.0010000
    36.5257933      2.1658041      0.0010000
    36.5466414     -1.8644579      0.0010000
    36.5674894      1.2635363      0.0010000
    36.5883375     -0.8084082      0.0010000
    36.6091856     -0.1241543      0.0010000
    36.6300336      0.7814448      0.0010000
    36.6508817     -1.4063989      0.0010000
    36.6717297      1.9493888      0.0010000
    36.6925778     -2.2621708      0.0010000
    36.7134258      2.3815813      0.0010000
    36.7342739     -2.0940051      0.0010000
    36.7551219      2.0226119      0.0010000
    36.7759700     -2.5410161      0.0010000
    36.7968181      1.7057768      0.0010000
    36.8176661     -1.2001449      0.0010000
    36.8385142      0.2326221      0.0010000
    36.8593622      0.5521636      0.0010000
    36.8802103     -1.3197576      0.0010000
    36.9010583      1.8014547      0.0010000
    36.9219064     -1.7714632      0.0010000
    36.9427544      2.4769511      0.0010000
    36.9636025     -2.4876762      0.0010000
    36.9844506      2.6455096      0.0010000
    37.0052986     -2.2596942      0.0010000
    37.0261467      1.6301052      0.0010000
    37.0469947     -1.3099448      0.0010000
    37.0678428      0.4531914      0.0010000
    37.0886908      0.0703096      0.0010000
    37.1095389     -0.5618843      0.0010000
    37.1303869      1.4851211      0.0010000
    37.1512350     -2.0121606      0.0010000
    37.1720831      2.1613813      0.0010000
    37.1929311     -2.1794907      0.0010000
    37.2137792      2.4203266      0.0010000
    37.2346272     -2.4213736      0.0010000
    37.2554753      1.3825637      0.0010000
    37.2763233     -1.2561548      0.0010000
    37.2971714      0.5758311      0.0010000
    37.3180194      0.0206947      0.0010000
    37.3388675     -0.6365675      0.0010000
    37.3597156      1.0920845      0.0010000
    37.3805636     -2.0239602      0.0010000
    37.4014117      2.2429192      0.0010000
    37.4222597     -2.1294559      0.0010000
    37.4431078      2.2258476      0.0010000
    37.4639558     -2.1496894      0.0010000
    37.4848039      1.8604225      0.0010000
    37.5056519     -1.5608950      0.0010000
    37.5265000      0.8429839      0.0010000
    37.5473481      0.1189174      0.0010000
    37.5681961     -0.8199053      0.0010000
    37.5890442      1.0016285      0.0010000
    37.6098922     -1.9089554      0.0010000
    37.6307403      1.7746508      0.0010000
    37.6515883     -2.1744199      0.0010000
    37.6724364      2.8415412      0.0010000
    37.6932844     -2.4734489      0.0010000
    37.7141325      2.2704078      0.0010000
    37.7349806     -1.3344392      0.0010000
    37.7558286      1.3165256      0.0010000
    37.7766767     -0.3308117      0.0010000
    37.7975247     -0.1621484      0.0010000
    37.8183728      0.9520213      0.0010000
    37.8392208     -1.8276243      0.0010000
    37.8600689      1.9612197      0.0010000
    37.8809169     -2.2901669      0.0010000
    37.9017650      2.4564960      0.0010000
    37.9226131     -2.6132181      0.0010000
    37.9434611      2.2626159      0.0010000
    37.9643092     -2.0250351      0.0010000
    37.9851572      1.3402092      0.0010000
    38.0060053     -0.8587258      0.0010000
    38.0268533      0.1931943      0.0010000
    38.0477014      0.9071609      0.0010000
    38.0685494     -1.1854826      0.0010000
    38.0893975      1.6366630      0.0010000
    38.1102456     -2.5301300      0.0010000
    38.1310936      2.0781784      0.0010000
    38.1519417     -2.3535344      0.0010000
    38.1727897      2.0355153      0.0010000
    38.1936378     -1.9729086      0.0010000
    38.2144858      1.6718888      0.0010000
    38.2353339     -1.2476200      0.0010000
    38.2561819      0.3244378      0.0010000
    38.2770300      0.7366257      0.0010000
    38.2978781     -1.0672998      0.0010000
    38.3187261      1.2462868      0.0010000
    38.3395742     -2.1549058      0.0010000
    38.3604222      2.2155626      0.0010000
    38.3812703     -2.7445128      0.0010000
    38.4021183      2.4511113      0.0010000
    38.4229664     -2.1242826      0.0010000
    38.4438144      1.5744236      0.0010000
    38.4646625     -0.9808437      0.0010000
    38.4855106      0.7937988      0.0010000
    38.5063586     -0.0407934      0.0010000
    38.5272067     -0.6199453      0.0010000
    38.5480547      1.0375413      0.0010000
    38.5689028     -2.2313031      0.0010000
    38.5897508      2.1587958      0.0010000
    38.6105989     -2.4820934      0.0010000
    38.6314469      2.3883180      0.0010000
    38.6522950     -1.8643612      0.0010000
    38.6731431      1.7133852      0.0010000
    38.6939911     -1.7888788      0.0010000
    38.7148392      0.8854201      0.0010000
    38.7356872     -0.1910816      0.0010000
    38.7565353     -0.9216902      0.0010000
    38.7773833      1.2751841      0.0010000
    38.7982314     -2.4994463      0.0010000
    38.8190794      2.2047586      0.0010000
    38.8399275     -2.6577055      0.0010000
    38.8607756      2.4019790      0.0010000
    38.8816236     -2.0729401      0.0010000
    38.9024717      2.2249767      0.0010000
    38.9233197     -1.6090323      0.0010000
    38.9441678      1.1693700      0.0010000
    38.9650158     -0.5669901      0.0010000
    38.9858639     -0.7565930      0.0010000
    39.0067119      1.1759336      0.0010000
    39.0275600     -1.8579747      0.0010000
    39.0484081      2.3337186      0.0010000
    39.0692561     -2.6567927      0.0010000
    39.0901042      2.6649904      0.0010000
    39.1109522     -2.5930409      0.0010000
    39.1318003      2.4881221      0.0010000
    39.1526483     -1.9046179      0.0010000
    39.1734964      1.2526495      0.0010000
    39.1943444     -0.3743669      0.0010000
    39.2151925     -0.6144130      0.0010000
    39.2360406      0.7844059      0.0010000
    39.2568886     -1.5369354      0.0010000
    39.2777367      1.7959373      0.0010000
    39.2985847     -2.3985140      0.0010000
    39.3194328      2.5907389      0.0010000
    39.3402808     -2.3883474      0.0010000
    39.3611289      2.0910190      0.0010000
    39.3819769     -1.9394940      0.0010000
    39.4028250      1.3719653      0.0010000
    39.4236731     -0.6401888      0.0010000
    39.4445211      0.2389072      0.0010000
    39.4653692      0.9841990      0.0010000
    39.4862172     -1.5733344      0.0010000
    39.5070653      1.8731231      0.0010000
    39.5279133     -2.3540663      0.0010000
    39.5487614      2.5858639      0.0010000
    39.5696094     -2.5210812      0.0010000
    39.5904575      2.6450001      0.0010000
    39.6113056     -2.2773797      0.0010000
    39.6321536      1.7933437      0.0010000
    39.6530017     -0.6670212      0.0010000
    39.6738497     -0.0350181      0.0010000
    39.6946978      0.5812991      0.0010000
    39.7155458     -1.0340907      0.0010000
    39.7363939      2.0766301      0.0010000
    39.7572419     -2.2750043      0.0010000
    39.7780900      2.3346951      0.0010000
    39.7989381     -2.2955572      0.0010000
    39.8197861      2.3669296      0.0010000
    39.8406342     -1.8347509      0.0010000
    39.8614822      1.5978385      0.0010000
    39.8823303     -1.1324543      0.0010000
    39.9031783      0.2747264      0.0010000
    39.9240264      0.2332070      0.0010000
    39.9448744     -0.4994650      0.0010000
    39.9657225      1.7871484      0.0010000
    39.9865706     -2.1736071      0.0010000
    40.0074186      2.0291083      0.0010000
    40.0282667     -2.9168841      0.0010000
    40.0491147      2.5645559      0.0010000
    40.0699628     -2.0799946      0.0010000
    40.0908108      1.9059637      0.0010000
    40.1116589     -1.0342769      0.0010000
    40.1325069      0.8021183      0.0010000
    40.1533550     -0.0345122      0.0010000
    40.1742031     -0.7514683      0.0010000
    40.1950511      1.3998830      0.0010000
    40.2158992     -2.2655859      0.0010000
    40.2367472      2.1341276      0.0010000
    40.2575953     -2.5257352      0.0010000
    40.2784433      2.2215658      0.0010000
    40.2992914     -1.8750122      0.0010000
    40.3201394      1.7402717      0.0010000
    40.3409875     -1.4387889      0.0010000
    40.3618356      0.6554580      0.0010000
    40.3826836     -0.3937853      0.0010000
    40.4035317     -0.7584072      0.0010000
    40.4243797      1.2031226      0.0010000
    40.4452278     -1.5280646      0.0010000
    40.4660758      2.3897888      0.0010000
    40.4869239     -2.2359749      0.0010000
    40.5077719      2.9427374      0.0010000
    40.5286200     -2.4763004      0.0010000
    40.5494681      1.8436271      0.0010000
    40.5703161     -1.5941981      0.0010000
    40.5911642      0.9322525      0.0010000
    40.6120122     -0.3295034      0.0010000
    40.6328603     -0.4931548      0.0010000
    40.6537083      0.7878493      0.0010000
    40.6745564     -1.5648633      0.0010000
    40.6954044      2.0890214      0.0010000
    40.7162525     -2.5253881      0.0010000
    40.7371006      2.6218219      0.0010000
    40.7579486     -2.8466172      0.0010000
    40.7787967      2.5784801      0.0010000
    40.7996447     -1.7759470      0.0010000
    40.8204928      1.5625369      0.0010000
    40.8413408     -0.9293254      0.0010000
    40.8621889      0.1951443      0.0010000
    40.8830369      0.8977650      0.0010000
    40.9038850     -1.4279566      0.0010000
    40.9247331      2.0858886      0.0010000
    40.9455811     -2.2395237      0.0010000
    40.9664292      2.3911203      0.0010000
    40.9872772     -2.5315729      0.0010000
    41.0081253      2.0310566      0.0010000
    41.0289733     -1.8129294      0.0010000
    41.0498214      1.5023777      0.0010000
    41.0706694     -0.7301731      0.0010000
    41.0915175      0.3367627      0.0010000
    41.1123656      0.1981818      0.0010000
    41.1332136     -1.0105278      0.0010000
    41.1540617      1.7934506      0.0010000
    41.1749097     -2.3528994      0.0010000
    41.1957578      2.1815106      0.0010000
    41.2166058     -3.0293044      0.0010000
    41.2374539      2.5273085      0.0010000
    41.2583019     -2.5476264      0.0010000
    41.2791500      1.6511370      0.0010000
    41.2999981     -0.8369558      0.0010000
    41.3208461      0.3210326      0.0010000
    41.3416942      0.5091214      0.0010000
    41.3625422     -1.2452969      0.0010000
    41.3833903      1.4938410      0.0010000
    41.4042383     -2.3027643      0.0010000
    41.4250864      2.6031924      0.0010000
    41.4459344     -2.4282134      0.0010000
    41.4667825      2.3316008      0.0010000
    41.4876306     -2.1842011      0.0010000
    41.5084786      1.9595015      0.0010000
    41.5293267     -1.3410544      0.0010000
    41.5501747      0.5983586      0.0010000
    41.5710228      0.0664294      0.0010000
    41.5918708     -0.8298076      0.0010000
    41.6127189      1.0975939      0.0010000
    41.6335669     -1.7944533      0.0010000
    41.6544150      2.2391047      0.0010000
    41.6752631     -2.6603559      0.0010000
    41.6961111      2.3338962      0.0010000
    41.7169592     -2.2418136      0.0010000
    41.7378072      2.2415384      0.0010000
    41.7586553     -1.7440427      0.0010000
    41.7795033      0.8378041      0.0010000
    41.8003514     -0.2688707      0.0010000
    41.8211994     -0.6429323      0.0010000
    41.8420475      1.2506082      0.0010000
    41.8628956     -2.0338596      0.0010000
    41.8837436      2.0248042      0.0010000
    41.9045917     -2.3744615      0.0010000
    41.9254397      2.5260051      0.0010000
    41.9462878     -2.3125292      0.0010000
    41.9671358      2.1800058      0.0010000
    41.9879839     -1.3165177      0.0010000
