ID F 1O 2O 3O 4O 5O
OGLE-LMC-RRLYR-00009 0.4810719 0.3580210 -1. -1. -1. -1.
OGLE-LMC-RRLYR-00021 0.5086621 0.3793530 -1. -1. -1. -1.
OGLE-LMC-RRLYR-00052 0.4758476 0.3536819 -1. -1. -1. -1.
OGLE-LMC-RRLYR-00055 0.4812189 0.3580537 -1. -1. -1. -1.
OGLE-LMC-RRLYR-00063 0.5080168 0.3783588 -1. -1. -1. -1.
OGLE-LMC-RRLYR-00065 0.4818865 0.3586705 -1. -1. -1. -1.
OGLE-LMC-RRLYR-00067 0.4804144 0.3573775 -1. -1. -1. -1.
OGLE-LMC-RRLYR-00090 0.4923583 0.3663813 -1. -1. -1. -1.
OGLE-LMC-RRLYR-00097 0.4718349 0.3511421 -1. -1. -1. -1.
OGLE-LMC-RRLYR-00117 0.5394222 0.4015273 -1. -1. -1. -1.
OGLE-LMC-RRLYR-00150 0.5260911 0.3925069 -1. -1. -1. -1.
OGLE-LMC-RRLYR-00183 0.4814345 0.3580297 -1. -1. -1. -1.
OGLE-LMC-RRLYR-00184 0.5493451 0.4097299 -1. -1. -1. -1.
OGLE-LMC-RRLYR-00197 0.4760381 0.3542447 -1. -1. -1. -1.
OGLE-LMC-RRLYR-00204 0.5314203 0.3966571 -1. -1. -1. -1.
OGLE-LMC-RRLYR-00205 0.4836928 0.3599957 -1. -1. -1. -1.
OGLE-LMC-RRLYR-00207 0.4844504 0.3604794 -1. -1. -1. -1.
OGLE-LMC-RRLYR-00250 0.5009623 0.3729846 -1. -1. -1. -1.
OGLE-LMC-RRLYR-00270 0.4872672 0.3625334 -1. -1. -1. -1.
OGLE-LMC-RRLYR-00282 0.4725687 0.3514838 -1. -1. -1. -1.
OGLE-LMC-RRLYR-00293 0.5115403 0.3817033 -1. -1. -1. -1.
OGLE-LMC-RRLYR-00314 0.4627604 0.3438714 -1. -1. -1. -1.
OGLE-LMC-RRLYR-00355 0.5534885 0.4130253 -1. -1. -1. -1.
OGLE-LMC-RRLYR-00359 0.4968522 0.3701611 -1. -1. -1. -1.
OGLE-LMC-RRLYR-00369 0.4792976 0.3564672 -1. -1. -1. -1.
OGLE-LMC-RRLYR-00387 0.4874561 0.3630454 -1. -1. -1. -1.
OGLE-LMC-RRLYR-00407 0.5315059 0.3962204 -1. -1. -1. -1.
OGLE-LMC-RRLYR-00410 0.4916184 0.3660399 -1. -1. -1. -1.
OGLE-LMC-RRLYR-00459 0.4939970 0.3678579 -1. -1. -1. -1.
OGLE-LMC-RRLYR-00480 0.5434818 0.4056077 -1. -1. -1. -1.
OGLE-LMC-RRLYR-00490 0.5399865 0.4025231 -1. -1. -1. -1.
OGLE-LMC-RRLYR-00495 0.4809756 0.3578360 -1. -1. -1. -1.
OGLE-LMC-RRLYR-00502 0.4728066 0.3516672 -1. -1. -1. -1.
OGLE-LMC-RRLYR-00507 0.5214317 0.3890811 -1. -1. -1. -1.
OGLE-LMC-RRLYR-00516 0.4740239 0.3524899 -1. -1. -1. -1.
OGLE-LMC-RRLYR-00527 0.4868534 0.3626049 -1. -1. -1. -1.
OGLE-LMC-RRLYR-00536 0.5923128 0.4415794 -1. -1. -1. -1.
OGLE-LMC-RRLYR-00573 0.4694264 0.3489918 -1. -1. -1. -1.
OGLE-LMC-RRLYR-00582 0.5767685 0.4307216 -1. -1. -1. -1.
OGLE-LMC-RRLYR-00622 0.4908464 0.3656113 -1. -1. -1. -1.
OGLE-LMC-RRLYR-00630 0.4821959 0.3589840 -1. -1. -1. -1.
OGLE-LMC-RRLYR-00647 0.5240288 0.3910969 -1. -1. -1. -1.
OGLE-LMC-RRLYR-00701 0.4876782 0.3629903 -1. -1. -1. -1.
OGLE-LMC-RRLYR-00724 0.4835907 0.3599579 -1. -1. -1. -1.
OGLE-LMC-RRLYR-00730 0.5210234 0.3886133 -1. -1. -1. -1.
OGLE-LMC-RRLYR-00758 0.4951810 0.3693337 -1. -1. -1. -1.
OGLE-LMC-RRLYR-00770 0.4840590 0.3602036 -1. -1. -1. -1.
OGLE-LMC-RRLYR-00772 0.4654280 0.3464871 -1. -1. -1. -1.
OGLE-LMC-RRLYR-00781 0.4705648 0.3500987 -1. -1. -1. -1.
OGLE-LMC-RRLYR-00827 0.4702711 0.3495912 -1. -1. -1. -1.
OGLE-LMC-RRLYR-00851 0.4665362 0.3465870 -1. -1. -1. -1.
OGLE-LMC-RRLYR-00865 0.5269343 0.3926998 -1. -1. -1. -1.
OGLE-LMC-RRLYR-00883 0.4718586 0.3509514 -1. -1. -1. -1.
OGLE-LMC-RRLYR-00884 0.4826756 0.3590117 -1. -1. -1. -1.
OGLE-LMC-RRLYR-00921 0.4708938 0.3502612 -1. -1. -1. -1.
OGLE-LMC-RRLYR-00954 0.4945917 0.3680691 -1. -1. -1. -1.
OGLE-LMC-RRLYR-00955 0.4857533 0.3616766 -1. -1. -1. -1.
OGLE-LMC-RRLYR-00975 0.4809878 0.3581203 -1. -1. -1. -1.
OGLE-LMC-RRLYR-00998 0.4873341 0.3625503 -1. -1. -1. -1.
OGLE-LMC-RRLYR-01028 0.5286575 0.3944021 -1. -1. -1. -1.
OGLE-LMC-RRLYR-01041 0.4860629 0.3618716 -1. -1. -1. -1.
OGLE-LMC-RRLYR-01049 0.4823274 0.3589688 -1. -1. -1. -1.
OGLE-LMC-RRLYR-01126 0.4777960 0.3556690 -1. -1. -1. -1.
OGLE-LMC-RRLYR-01131 0.4575150 0.3394655 -1. -1. -1. -1.
OGLE-LMC-RRLYR-01139 0.4692581 0.3490913 -1. -1. -1. -1.
OGLE-LMC-RRLYR-01205 0.4804792 0.3572513 -1. -1. -1. -1.
OGLE-LMC-RRLYR-01208 0.4650342 0.3457073 -1. -1. -1. -1.
OGLE-LMC-RRLYR-01224 0.4722912 0.3513055 -1. -1. -1. -1.
OGLE-LMC-RRLYR-01226 0.4922561 0.3666529 -1. -1. -1. -1.
OGLE-LMC-RRLYR-01241 0.4935756 0.3673584 -1. -1. -1. -1.
OGLE-LMC-RRLYR-01245 0.5207365 0.3879671 -1. -1. -1. -1.
OGLE-LMC-RRLYR-01251 0.4943752 0.3677332 -1. -1. -1. -1.
OGLE-LMC-RRLYR-01255 0.5015033 0.3732602 -1. -1. -1. -1.
OGLE-LMC-RRLYR-01260 0.4700357 0.3496284 -1. -1. -1. -1.
OGLE-LMC-RRLYR-01272 0.5366317 0.4003475 -1. -1. -1. -1.
OGLE-LMC-RRLYR-01275 0.4690399 0.3487266 -1. -1. -1. -1.
OGLE-LMC-RRLYR-01313 0.4865762 0.3620532 -1. -1. -1. -1.
OGLE-LMC-RRLYR-01318 0.4643633 0.3448226 -1. -1. -1. -1.
OGLE-LMC-RRLYR-01319 0.4759797 0.3540812 -1. -1. -1. -1.
OGLE-LMC-RRLYR-01323 0.4622085 0.3432779 -1. -1. -1. -1.
OGLE-LMC-RRLYR-01329 0.5314950 0.3966361 -1. -1. -1. -1.
OGLE-LMC-RRLYR-01349 0.4948566 0.3685843 -1. -1. -1. -1.
OGLE-LMC-RRLYR-01377 0.5502578 0.4104983 -1. -1. -1. -1.
OGLE-LMC-RRLYR-01407 0.4938892 0.3678034 -1. -1. -1. -1.
OGLE-LMC-RRLYR-01416 0.4783218 0.3559587 -1. -1. -1. -1.
OGLE-LMC-RRLYR-01438 0.5291085 0.3944444 -1. -1. -1. -1.
OGLE-LMC-RRLYR-01450 0.4688285 0.3486641 -1. -1. -1. -1.
OGLE-LMC-RRLYR-01502 0.5091886 0.3795088 -1. -1. -1. -1.
OGLE-LMC-RRLYR-01505 0.4649435 0.3454480 -1. -1. -1. -1.
OGLE-LMC-RRLYR-01513 0.4731557 0.3519883 -1. -1. -1. -1.
OGLE-LMC-RRLYR-01553 0.5067989 0.3776925 -1. -1. -1. -1.
OGLE-LMC-RRLYR-01622 0.4905940 0.3649081 -1. -1. -1. -1.
OGLE-LMC-RRLYR-01628 0.4779278 0.3553457 -1. -1. -1. -1.
OGLE-LMC-RRLYR-01657 0.4720758 0.3512483 -1. -1. -1. -1.
OGLE-LMC-RRLYR-01663 0.4805711 0.3576152 -1. -1. -1. -1.
OGLE-LMC-RRLYR-01699 0.5131573 0.3827024 -1. -1. -1. -1.
OGLE-LMC-RRLYR-01714 0.5263655 0.3920740 -1. -1. -1. -1.
OGLE-LMC-RRLYR-01770 0.4914787 0.3660484 -1. -1. -1. -1.
OGLE-LMC-RRLYR-01827 0.4952278 0.3687017 -1. -1. -1. -1.
OGLE-LMC-RRLYR-01841 0.4754401 0.3537064 -1. -1. -1. -1.
OGLE-LMC-RRLYR-01854 0.4790768 0.3563750 -1. -1. -1. -1.
OGLE-LMC-RRLYR-01867 0.5079093 0.3786371 -1. -1. -1. -1.
OGLE-LMC-RRLYR-01925 0.4949145 0.3683386 -1. -1. -1. -1.
OGLE-LMC-RRLYR-01950 0.4758110 0.3539310 -1. -1. -1. -1.
OGLE-LMC-RRLYR-01989 0.4902661 0.3650587 -1. -1. -1. -1.
OGLE-LMC-RRLYR-02006 0.5333059 0.3977523 -1. -1. -1. -1.
OGLE-LMC-RRLYR-02016 0.4801009 0.3573119 -1. -1. -1. -1.
OGLE-LMC-RRLYR-02030 0.4816853 0.3585968 -1. -1. -1. -1.
OGLE-LMC-RRLYR-02047 0.4788483 0.3561048 -1. -1. -1. -1.
OGLE-LMC-RRLYR-02099 0.5000917 0.3721428 -1. -1. -1. -1.
OGLE-LMC-RRLYR-02159 0.4938801 0.3676396 -1. -1. -1. -1.
OGLE-LMC-RRLYR-02172 0.4915538 0.3658665 -1. -1. -1. -1.
OGLE-LMC-RRLYR-02173 0.4759757 0.3539833 -1. -1. -1. -1.
OGLE-LMC-RRLYR-02199 0.4931194 0.3672158 -1. -1. -1. -1.
OGLE-LMC-RRLYR-02202 0.4800691 0.3573230 -1. -1. -1. -1.
OGLE-LMC-RRLYR-02223 0.4713539 0.3506642 -1. -1. -1. -1.
OGLE-LMC-RRLYR-02240 0.4698653 0.3487053 -1. -1. -1. -1.
OGLE-LMC-RRLYR-02242 0.4933999 0.3673679 -1. -1. -1. -1.
OGLE-LMC-RRLYR-02252 0.4739433 0.3522417 -1. -1. -1. -1.
OGLE-LMC-RRLYR-02307 0.4790966 0.3566381 -1. -1. -1. -1.
OGLE-LMC-RRLYR-02338 0.4782680 0.3557846 -1. -1. -1. -1.
OGLE-LMC-RRLYR-02342 0.5444828 0.4056033 -1. -1. -1. -1.
OGLE-LMC-RRLYR-02358 0.4908069 0.3654580 -1. -1. -1. -1.
OGLE-LMC-RRLYR-02370 0.4737630 0.3523430 -1. -1. -1. -1.
OGLE-LMC-RRLYR-02383 0.4770323 0.3549232 -1. -1. -1. -1.
OGLE-LMC-RRLYR-02406 0.4689256 0.3487368 -1. -1. -1. -1.
OGLE-LMC-RRLYR-02416 0.4841022 0.3603519 -1. -1. -1. -1.
OGLE-LMC-RRLYR-02440 0.4763268 0.3542304 -1. -1. -1. -1.
OGLE-LMC-RRLYR-02454 0.5602127 0.4180845 -1. -1. -1. -1.
OGLE-LMC-RRLYR-02464 0.4864849 0.3619214 -1. -1. -1. -1.
OGLE-LMC-RRLYR-02524 0.4787938 0.3562530 -1. -1. -1. -1.
OGLE-LMC-RRLYR-02546 0.4877672 0.3627973 -1. -1. -1. -1.
OGLE-LMC-RRLYR-02569 0.5487024 0.4090102 -1. -1. -1. -1.
OGLE-LMC-RRLYR-02582 0.4774354 0.3552155 -1. -1. -1. -1.
OGLE-LMC-RRLYR-02607 0.5098660 0.3796060 -1. -1. -1. -1.
OGLE-LMC-RRLYR-02617 0.4771482 0.3548355 -1. -1. -1. -1.
OGLE-LMC-RRLYR-02626 0.4875656 0.3630261 -1. -1. -1. -1.
OGLE-LMC-RRLYR-02633 0.5066960 0.3771588 -1. -1. -1. -1.
OGLE-LMC-RRLYR-02653 0.4936748 0.3676778 -1. -1. -1. -1.
OGLE-LMC-RRLYR-02658 0.4876248 0.3630658 -1. -1. -1. -1.
OGLE-LMC-RRLYR-02677 0.4710907 0.3502812 -1. -1. -1. -1.
OGLE-LMC-RRLYR-02688 0.4917832 0.3660751 -1. -1. -1. -1.
OGLE-LMC-RRLYR-02693 0.4838231 0.3600692 -1. -1. -1. -1.
OGLE-LMC-RRLYR-02698 0.4968760 0.3699348 -1. -1. -1. -1.
OGLE-LMC-RRLYR-02746 0.4850660 0.3610803 -1. -1. -1. -1.
OGLE-LMC-RRLYR-02750 0.4801469 0.3571060 -1. -1. -1. -1.
OGLE-LMC-RRLYR-02771 0.4955139 0.3689540 -1. -1. -1. -1.
OGLE-LMC-RRLYR-02796 0.4806107 0.3574330 -1. -1. -1. -1.
OGLE-LMC-RRLYR-02827 0.4866769 0.3623878 -1. -1. -1. -1.
OGLE-LMC-RRLYR-02844 0.4795342 0.3569434 -1. -1. -1. -1.
OGLE-LMC-RRLYR-02893 0.5008615 0.3726528 -1. -1. -1. -1.
OGLE-LMC-RRLYR-02913 0.4755950 0.3537438 -1. -1. -1. -1.
OGLE-LMC-RRLYR-02927 0.4796982 0.3571584 -1. -1. -1. -1.
OGLE-LMC-RRLYR-02941 0.5187413 0.3866714 -1. -1. -1. -1.
OGLE-LMC-RRLYR-02951 0.4904824 0.3651648 -1. -1. -1. -1.
OGLE-LMC-RRLYR-02966 0.4973546 0.3707054 -1. -1. -1. -1.
OGLE-LMC-RRLYR-02974 0.4825506 0.3593490 -1. -1. -1. -1.
OGLE-LMC-RRLYR-03012 0.4825036 0.3591883 -1. -1. -1. -1.
OGLE-LMC-RRLYR-03013 0.4616063 0.3427423 -1. -1. -1. -1.
OGLE-LMC-RRLYR-03023 0.5059077 0.3768504 -1. -1. -1. -1.
OGLE-LMC-RRLYR-03067 0.5137722 0.3832417 -1. -1. -1. -1.
OGLE-LMC-RRLYR-03108 0.5446247 0.4060689 -1. -1. -1. -1.
OGLE-LMC-RRLYR-03127 0.4862897 0.3619798 -1. -1. -1. -1.
OGLE-LMC-RRLYR-03140 0.4694809 0.3490777 -1. -1. -1. -1.
OGLE-LMC-RRLYR-03221 0.5346694 0.3983088 -1. -1. -1. -1.
OGLE-LMC-RRLYR-03301 0.4874293 0.3630639 -1. -1. -1. -1.
OGLE-LMC-RRLYR-03315 0.4899650 0.3648793 -1. -1. -1. -1.
OGLE-LMC-RRLYR-03414 0.4678335 0.3479563 -1. -1. -1. -1.
OGLE-LMC-RRLYR-03423 0.4878202 0.3629116 -1. -1. -1. -1.
OGLE-LMC-RRLYR-03468 0.5026415 0.3744909 -1. -1. -1. -1.
OGLE-LMC-RRLYR-03498 0.5071560 0.3782716 -1. -1. -1. -1.
OGLE-LMC-RRLYR-03510 0.5056398 0.3767513 -1. -1. -1. -1.
OGLE-LMC-RRLYR-03520 0.4717578 0.3508127 -1. -1. -1. -1.
OGLE-LMC-RRLYR-03524 0.5812722 0.4336058 -1. -1. -1. -1.
OGLE-LMC-RRLYR-03532 0.4866989 0.3623688 -1. -1. -1. -1.
OGLE-LMC-RRLYR-03545 0.5276204 0.3933226 -1. -1. -1. -1.
OGLE-LMC-RRLYR-03557 0.4863346 0.3620764 -1. -1. -1. -1.
OGLE-LMC-RRLYR-03562 0.4909818 0.3656870 -1. -1. -1. -1.
OGLE-LMC-RRLYR-03565 0.4826991 0.3589806 -1. -1. -1. -1.
OGLE-LMC-RRLYR-03584 0.4809243 0.3578583 -1. -1. -1. -1.
OGLE-LMC-RRLYR-03617 0.4791063 0.3564462 -1. -1. -1. -1.
OGLE-LMC-RRLYR-03640 0.4856605 0.3619478 -1. -1. -1. -1.
OGLE-LMC-RRLYR-03675 0.4775929 0.3553324 -1. -1. -1. -1.
OGLE-LMC-RRLYR-03728 0.4846044 0.3607473 -1. -1. -1. -1.
OGLE-LMC-RRLYR-03739 0.4734571 0.3519473 -1. -1. -1. -1.
OGLE-LMC-RRLYR-03751 0.4704419 0.3498150 -1. -1. -1. -1.
OGLE-LMC-RRLYR-03753 0.4742001 0.3526920 -1. -1. -1. -1.
OGLE-LMC-RRLYR-03768 0.5324496 0.3968490 -1. -1. -1. -1.
OGLE-LMC-RRLYR-03852 0.4824234 0.3587562 -1. -1. -1. -1.
OGLE-LMC-RRLYR-03973 0.4737728 0.3524429 -1. -1. -1. -1.
OGLE-LMC-RRLYR-03975 0.4564449 0.3387914 -1. -1. -1. -1.
OGLE-LMC-RRLYR-03998 0.4789395 0.3564452 -1. -1. -1. -1.
OGLE-LMC-RRLYR-04009 0.4726312 0.3513669 -1. -1. -1. -1.
OGLE-LMC-RRLYR-04032 0.4601848 0.3418013 -1. -1. -1. -1.
OGLE-LMC-RRLYR-04042 0.5237859 0.3904101 -1. -1. -1. -1.
OGLE-LMC-RRLYR-04069 0.4934320 0.3672726 -1. -1. -1. -1.
OGLE-LMC-RRLYR-04127 0.4925671 0.3665602 -1. -1. -1. -1.
OGLE-LMC-RRLYR-04138 0.4840346 0.3603414 -1. -1. -1. -1.
OGLE-LMC-RRLYR-04155 0.5214753 0.3889302 -1. -1. -1. -1.
OGLE-LMC-RRLYR-04173 0.4979927 0.3709934 -1. -1. -1. -1.
OGLE-LMC-RRLYR-04186 0.4930733 0.3668948 -1. -1. -1. -1.
OGLE-LMC-RRLYR-04222 0.4899737 0.3648722 -1. -1. -1. -1.
OGLE-LMC-RRLYR-04279 0.4685626 0.3482152 -1. -1. -1. -1.
OGLE-LMC-RRLYR-04327 0.5454155 0.4067492 -1. -1. -1. -1.
OGLE-LMC-RRLYR-04346 0.4949743 0.3683454 -1. -1. -1. -1.
OGLE-LMC-RRLYR-04354 0.4909795 0.3656002 -1. -1. -1. -1.
OGLE-LMC-RRLYR-04386 0.4903298 0.3648127 -1. -1. -1. -1.
OGLE-LMC-RRLYR-04398 0.5828112 0.4349095 -1. -1. -1. -1.
OGLE-LMC-RRLYR-04414 0.4816959 0.3584949 -1. -1. -1. -1.
OGLE-LMC-RRLYR-04419 0.4863252 0.3620534 -1. -1. -1. -1.
OGLE-LMC-RRLYR-04443 0.4864454 0.3620098 -1. -1. -1. -1.
OGLE-LMC-RRLYR-04467 0.4838551 0.3602574 -1. -1. -1. -1.
OGLE-LMC-RRLYR-04491 0.4831727 0.3595044 -1. -1. -1. -1.
OGLE-LMC-RRLYR-04512 0.4785922 0.3563506 -1. -1. -1. -1.
OGLE-LMC-RRLYR-04517 0.4854298 0.3614695 -1. -1. -1. -1.
OGLE-LMC-RRLYR-04531 0.4628057 0.3437927 -1. -1. -1. -1.
OGLE-LMC-RRLYR-04544 0.4826070 0.3593971 -1. -1. -1. -1.
OGLE-LMC-RRLYR-04582 0.4975163 0.3703225 -1. -1. -1. -1.
OGLE-LMC-RRLYR-04595 0.4845671 0.3604139 -1. -1. -1. -1.
OGLE-LMC-RRLYR-04603 0.4935154 0.3674074 -1. -1. -1. -1.
OGLE-LMC-RRLYR-04607 0.4859394 0.3617534 -1. -1. -1. -1.
OGLE-LMC-RRLYR-04636 0.4626373 0.3436645 -1. -1. -1. -1.
OGLE-LMC-RRLYR-04637 0.5345134 0.3988210 -1. -1. -1. -1.
OGLE-LMC-RRLYR-04643 0.4844985 0.3605884 -1. -1. -1. -1.
OGLE-LMC-RRLYR-04648 0.4779061 0.3556394 -1. -1. -1. -1.
OGLE-LMC-RRLYR-04652 0.4741953 0.3526820 -1. -1. -1. -1.
OGLE-LMC-RRLYR-04661 0.4870600 0.3626526 -1. -1. -1. -1.
OGLE-LMC-RRLYR-04675 0.4822922 0.3589733 -1. -1. -1. -1.
OGLE-LMC-RRLYR-04686 0.5115770 0.3808475 -1. -1. -1. -1.
OGLE-LMC-RRLYR-04688 0.4941383 0.3679131 -1. -1. -1. -1.
OGLE-LMC-RRLYR-04699 0.4619357 0.3430795 -1. -1. -1. -1.
OGLE-LMC-RRLYR-04726 0.4839302 0.3603011 -1. -1. -1. -1.
OGLE-LMC-RRLYR-04761 0.4992481 0.3718072 -1. -1. -1. -1.
OGLE-LMC-RRLYR-04777 0.4737813 0.3520472 -1. -1. -1. -1.
OGLE-LMC-RRLYR-04824 0.4656592 0.3460888 -1. -1. -1. -1.
OGLE-LMC-RRLYR-04825 0.4844566 0.3604046 -1. -1. -1. -1.
OGLE-LMC-RRLYR-04856 0.4855401 0.3614270 -1. -1. -1. -1.
OGLE-LMC-RRLYR-04870 0.5367677 0.4003953 -1. -1. -1. -1.
OGLE-LMC-RRLYR-04872 0.4638367 0.3445296 -1. -1. -1. -1.
OGLE-LMC-RRLYR-04873 0.4935978 0.3674887 -1. -1. -1. -1.
OGLE-LMC-RRLYR-04882 0.4938834 0.3677933 -1. -1. -1. -1.
OGLE-LMC-RRLYR-04893 0.4780280 0.3556486 -1. -1. -1. -1.
OGLE-LMC-RRLYR-04932 0.5109280 0.3811323 -1. -1. -1. -1.
OGLE-LMC-RRLYR-04944 0.4656523 0.3457803 -1. -1. -1. -1.
OGLE-LMC-RRLYR-04967 0.5386152 0.4016301 -1. -1. -1. -1.
OGLE-LMC-RRLYR-04968 0.4753916 0.3536480 -1. -1. -1. -1.
OGLE-LMC-RRLYR-05005 0.4701483 0.3493982 -1. -1. -1. -1.
OGLE-LMC-RRLYR-05016 0.4832946 0.3595922 -1. -1. -1. -1.
OGLE-LMC-RRLYR-05020 0.4713944 0.3505043 -1. -1. -1. -1.
OGLE-LMC-RRLYR-05025 0.4731491 0.3516847 -1. -1. -1. -1.
OGLE-LMC-RRLYR-05082 0.4813905 0.3583358 -1. -1. -1. -1.
OGLE-LMC-RRLYR-05143 0.5247920 0.3918820 -1. -1. -1. -1.
OGLE-LMC-RRLYR-05169 0.4671460 0.3470221 -1. -1. -1. -1.
OGLE-LMC-RRLYR-05190 0.4823821 0.3591097 -1. -1. -1. -1.
OGLE-LMC-RRLYR-05207 0.4920712 0.3663554 -1. -1. -1. -1.
OGLE-LMC-RRLYR-05238 0.5168991 0.3855124 -1. -1. -1. -1.
OGLE-LMC-RRLYR-05239 0.4747633 0.3530723 -1. -1. -1. -1.
OGLE-LMC-RRLYR-05272 0.4840424 0.3601218 -1. -1. -1. -1.
OGLE-LMC-RRLYR-05300 0.4911687 0.3654979 -1. -1. -1. -1.
OGLE-LMC-RRLYR-05318 0.4873148 0.3625243 -1. -1. -1. -1.
OGLE-LMC-RRLYR-05349 0.4769751 0.3550196 -1. -1. -1. -1.
OGLE-LMC-RRLYR-05364 0.4744947 0.3530054 -1. -1. -1. -1.
OGLE-LMC-RRLYR-05401 0.4834208 0.3597381 -1. -1. -1. -1.
OGLE-LMC-RRLYR-05434 0.4809460 0.3581357 -1. -1. -1. -1.
OGLE-LMC-RRLYR-05455 0.4680173 0.3478998 -1. -1. -1. -1.
OGLE-LMC-RRLYR-05456 0.4735445 0.3521823 -1. -1. -1. -1.
OGLE-LMC-RRLYR-05501 0.4945325 0.3683880 -1. -1. -1. -1.
OGLE-LMC-RRLYR-05517 0.4696117 0.3493381 -1. -1. -1. -1.
OGLE-LMC-RRLYR-05531 0.4865999 0.3620333 -1. -1. -1. -1.
OGLE-LMC-RRLYR-05580 0.4855254 0.3615539 -1. -1. -1. -1.
OGLE-LMC-RRLYR-05602 0.4656346 0.3461952 -1. -1. -1. -1.
OGLE-LMC-RRLYR-05666 0.4760718 0.3541542 -1. -1. -1. -1.
OGLE-LMC-RRLYR-05677 0.4821234 0.3589884 -1. -1. -1. -1.
OGLE-LMC-RRLYR-05701 0.4800859 0.3574724 -1. -1. -1. -1.
OGLE-LMC-RRLYR-05708 0.4716248 0.3506885 -1. -1. -1. -1.
OGLE-LMC-RRLYR-05767 0.4866493 0.3618804 -1. -1. -1. -1.
OGLE-LMC-RRLYR-05805 0.4724991 0.3513378 -1. -1. -1. -1.
OGLE-LMC-RRLYR-05850 0.4655565 0.3459651 -1. -1. -1. -1.
OGLE-LMC-RRLYR-05855 0.4911468 0.3657198 -1. -1. -1. -1.
OGLE-LMC-RRLYR-05901 0.4642468 0.3451021 -1. -1. -1. -1.
OGLE-LMC-RRLYR-05959 0.5150409 0.3842256 -1. -1. -1. -1.
OGLE-LMC-RRLYR-05973 0.4769704 0.3547115 -1. -1. -1. -1.
OGLE-LMC-RRLYR-05985 0.5092113 0.3800243 -1. -1. -1. -1.
OGLE-LMC-RRLYR-05987 0.4662509 0.3463878 -1. -1. -1. -1.
OGLE-LMC-RRLYR-06017 0.4759633 0.3541244 -1. -1. -1. -1.
OGLE-LMC-RRLYR-06132 0.5118824 0.3811685 -1. -1. -1. -1.
OGLE-LMC-RRLYR-06157 0.4861177 0.3617746 -1. -1. -1. -1.
OGLE-LMC-RRLYR-06173 0.4861951 0.3621078 -1. -1. -1. -1.
OGLE-LMC-RRLYR-06175 0.4850535 0.3610672 -1. -1. -1. -1.
OGLE-LMC-RRLYR-06198 0.5060588 0.3769489 -1. -1. -1. -1.
OGLE-LMC-RRLYR-06212 0.5747348 0.4286322 -1. -1. -1. -1.
OGLE-LMC-RRLYR-06226 0.4853694 0.3612912 -1. -1. -1. -1.
OGLE-LMC-RRLYR-06254 0.4704811 0.3494972 -1. -1. -1. -1.
OGLE-LMC-RRLYR-06270 0.4739682 0.3523016 -1. -1. -1. -1.
OGLE-LMC-RRLYR-06286 0.4880271 0.3630239 -1. -1. -1. -1.
OGLE-LMC-RRLYR-06298 0.5125599 0.3823951 -1. -1. -1. -1.
OGLE-LMC-RRLYR-06325 0.5070105 0.3779893 -1. -1. -1. -1.
OGLE-LMC-RRLYR-06328 0.4754069 0.3536215 -1. -1. -1. -1.
OGLE-LMC-RRLYR-06346 0.4898896 0.3648868 -1. -1. -1. -1.
OGLE-LMC-RRLYR-06347 0.4699517 0.3496959 -1. -1. -1. -1.
OGLE-LMC-RRLYR-06358 0.5087017 0.3795603 -1. -1. -1. -1.
OGLE-LMC-RRLYR-06378 0.4942846 0.3678450 -1. -1. -1. -1.
OGLE-LMC-RRLYR-06446 0.4956954 0.3691672 -1. -1. -1. -1.
OGLE-LMC-RRLYR-06463 0.4710976 0.3503613 -1. -1. -1. -1.
OGLE-LMC-RRLYR-06517 0.4901821 0.3647748 -1. -1. -1. -1.
OGLE-LMC-RRLYR-06556 0.4600041 0.3415614 -1. -1. -1. -1.
OGLE-LMC-RRLYR-06558 0.4858103 0.3616153 -1. -1. -1. -1.
OGLE-LMC-RRLYR-06565 0.4573146 0.3397671 -1. -1. -1. -1.
OGLE-LMC-RRLYR-06566 0.4627556 0.3436683 -1. -1. -1. -1.
OGLE-LMC-RRLYR-06573 0.5172005 0.3857558 -1. -1. -1. -1.
OGLE-LMC-RRLYR-06576 0.4772708 0.3551092 -1. -1. -1. -1.
OGLE-LMC-RRLYR-06594 0.4632852 0.3440391 -1. -1. -1. -1.
OGLE-LMC-RRLYR-06603 0.4798668 0.3571646 -1. -1. -1. -1.
OGLE-LMC-RRLYR-06637 0.4640584 0.3447771 -1. -1. -1. -1.
OGLE-LMC-RRLYR-06685 0.4722518 0.3512584 -1. -1. -1. -1.
OGLE-LMC-RRLYR-06693 0.4919273 0.3663069 -1. -1. -1. -1.
OGLE-LMC-RRLYR-06711 0.4811585 0.3581728 -1. -1. -1. -1.
OGLE-LMC-RRLYR-06731 0.4720368 0.3509853 -1. -1. -1. -1.
OGLE-LMC-RRLYR-06787 0.4732728 0.3516846 -1. -1. -1. -1.
OGLE-LMC-RRLYR-06823 0.4932490 0.3675566 -1. -1. -1. -1.
OGLE-LMC-RRLYR-06828 0.5160543 0.3847899 -1. -1. -1. -1.
OGLE-LMC-RRLYR-06843 0.4899785 0.3648561 -1. -1. -1. -1.
OGLE-LMC-RRLYR-06853 0.5548177 0.4135049 -1. -1. -1. -1.
OGLE-LMC-RRLYR-06875 0.4739369 0.3525851 -1. -1. -1. -1.
OGLE-LMC-RRLYR-06953 0.4903808 0.3660921 -1. -1. -1. -1.
OGLE-LMC-RRLYR-06954 0.4792180 0.3566856 -1. -1. -1. -1.
OGLE-LMC-RRLYR-06973 0.4856411 0.3615270 -1. -1. -1. -1.
OGLE-LMC-RRLYR-06991 0.4886428 0.3638965 -1. -1. -1. -1.
OGLE-LMC-RRLYR-07004 0.4713272 0.3504650 -1. -1. -1. -1.
OGLE-LMC-RRLYR-07026 0.4637125 0.3444360 -1. -1. -1. -1.
OGLE-LMC-RRLYR-07059 0.4938175 0.3678350 -1. -1. -1. -1.
OGLE-LMC-RRLYR-07061 0.4800666 0.3574351 -1. -1. -1. -1.
OGLE-LMC-RRLYR-07074 0.4873666 0.3629382 -1. -1. -1. -1.
OGLE-LMC-RRLYR-07100 0.4803107 0.3576986 -1. -1. -1. -1.
OGLE-LMC-RRLYR-07110 0.4752908 0.3535824 -1. -1. -1. -1.
OGLE-LMC-RRLYR-07117 0.4943034 0.3678661 -1. -1. -1. -1.
OGLE-LMC-RRLYR-07201 0.5345136 0.3981835 -1. -1. -1. -1.
OGLE-LMC-RRLYR-07291 0.4743279 0.3531024 -1. -1. -1. -1.
OGLE-LMC-RRLYR-07313 0.4795194 0.3565981 -1. -1. -1. -1.
OGLE-LMC-RRLYR-07348 0.4730665 0.3518139 -1. -1. -1. -1.
OGLE-LMC-RRLYR-07422 0.4710425 0.3502140 -1. -1. -1. -1.
OGLE-LMC-RRLYR-07458 0.4859723 0.3619023 -1. -1. -1. -1.
OGLE-LMC-RRLYR-07464 0.4773917 0.3550670 -1. -1. -1. -1.
OGLE-LMC-RRLYR-07527 0.4779918 0.3553266 -1. -1. -1. -1.
OGLE-LMC-RRLYR-07551 0.4892932 0.3641521 -1. -1. -1. -1.
OGLE-LMC-RRLYR-07554 0.5011453 0.3732124 -1. -1. -1. -1.
OGLE-LMC-RRLYR-07577 0.4994688 0.3720463 -1. -1. -1. -1.
OGLE-LMC-RRLYR-07609 0.5141104 0.3828677 -1. -1. -1. -1.
OGLE-LMC-RRLYR-07623 0.4657955 0.3462711 -1. -1. -1. -1.
OGLE-LMC-RRLYR-07647 0.4728444 0.3518793 -1. -1. -1. -1.
OGLE-LMC-RRLYR-07699 0.4850304 0.3610371 -1. -1. -1. -1.
OGLE-LMC-RRLYR-07721 0.4773866 0.3552029 -1. -1. -1. -1.
OGLE-LMC-RRLYR-07732 0.5269115 0.3929653 -1. -1. -1. -1.
OGLE-LMC-RRLYR-07735 0.4648074 0.3453572 -1. -1. -1. -1.
OGLE-LMC-RRLYR-07754 0.4898252 0.3644746 -1. -1. -1. -1.
OGLE-LMC-RRLYR-07764 0.4906514 0.3655520 -1. -1. -1. -1.
OGLE-LMC-RRLYR-07790 0.4815654 0.3581798 -1. -1. -1. -1.
OGLE-LMC-RRLYR-07821 0.4717452 0.3508730 -1. -1. -1. -1.
OGLE-LMC-RRLYR-07822 0.4697269 0.3491795 -1. -1. -1. -1.
OGLE-LMC-RRLYR-07843 0.4702276 0.3493410 -1. -1. -1. -1.
OGLE-LMC-RRLYR-07897 0.4886166 0.3634630 -1. -1. -1. -1.
OGLE-LMC-RRLYR-07931 0.5077843 0.3782228 -1. -1. -1. -1.
OGLE-LMC-RRLYR-07934 0.4818514 0.3586829 -1. -1. -1. -1.
OGLE-LMC-RRLYR-07936 0.4694724 0.3491893 -1. -1. -1. -1.
OGLE-LMC-RRLYR-07942 0.4668888 0.3469815 -1. -1. -1. -1.
OGLE-LMC-RRLYR-08000 0.5295935 0.3952221 -1. -1. -1. -1.
OGLE-LMC-RRLYR-08015 0.4640847 0.3448589 -1. -1. -1. -1.
OGLE-LMC-RRLYR-08021 0.4596278 0.3413335 -1. -1. -1. -1.
OGLE-LMC-RRLYR-08028 0.4912856 0.3658426 -1. -1. -1. -1.
OGLE-LMC-RRLYR-08042 0.4881844 0.3635973 -1. -1. -1. -1.
OGLE-LMC-RRLYR-08066 0.4992388 0.3722606 -1. -1. -1. -1.
OGLE-LMC-RRLYR-08078 0.4886561 0.3641246 -1. -1. -1. -1.
OGLE-LMC-RRLYR-08080 0.5146596 0.3837969 -1. -1. -1. -1.
OGLE-LMC-RRLYR-08081 0.4979929 0.3710153 -1. -1. -1. -1.
OGLE-LMC-RRLYR-08102 0.5321892 0.3969530 -1. -1. -1. -1.
OGLE-LMC-RRLYR-08103 0.4725570 0.3516080 -1. -1. -1. -1.
OGLE-LMC-RRLYR-08126 0.4808316 0.3576402 -1. -1. -1. -1.
OGLE-LMC-RRLYR-08172 0.4667997 0.3471161 -1. -1. -1. -1.
OGLE-LMC-RRLYR-08217 0.4735580 0.3522204 -1. -1. -1. -1.
OGLE-LMC-RRLYR-08228 0.5285995 0.3943906 -1. -1. -1. -1.
OGLE-LMC-RRLYR-08238 0.4714963 0.3506114 -1. -1. -1. -1.
OGLE-LMC-RRLYR-08276 0.4906803 0.3655461 -1. -1. -1. -1.
OGLE-LMC-RRLYR-08304 0.5858148 0.4374725 -1. -1. -1. -1.
OGLE-LMC-RRLYR-08363 0.4862562 0.3619539 -1. -1. -1. -1.
OGLE-LMC-RRLYR-08406 0.4870229 0.3626216 -1. -1. -1. -1.
OGLE-LMC-RRLYR-08449 0.4932833 0.3672206 -1. -1. -1. -1.
OGLE-LMC-RRLYR-08468 0.5109043 0.3809302 -1. -1. -1. -1.
OGLE-LMC-RRLYR-08492 0.4912784 0.3663825 -1. -1. -1. -1.
OGLE-LMC-RRLYR-08507 0.4686733 0.3485394 -1. -1. -1. -1.
OGLE-LMC-RRLYR-08535 0.4772386 0.3551937 -1. -1. -1. -1.
OGLE-LMC-RRLYR-08564 0.4589603 0.3405723 -1. -1. -1. -1.
OGLE-LMC-RRLYR-08679 0.4851635 0.3611866 -1. -1. -1. -1.
OGLE-LMC-RRLYR-08691 0.4760099 0.3541290 -1. -1. -1. -1.
OGLE-LMC-RRLYR-08771 0.4723742 0.3514452 -1. -1. -1. -1.
OGLE-LMC-RRLYR-08783 0.5266897 0.3925768 -1. -1. -1. -1.
OGLE-LMC-RRLYR-08806 0.4695270 0.3492421 -1. -1. -1. -1.
OGLE-LMC-RRLYR-08825 0.5000135 0.3723690 -1. -1. -1. -1.
OGLE-LMC-RRLYR-08885 0.4856239 0.3616880 -1. -1. -1. -1.
OGLE-LMC-RRLYR-08890 0.4899896 0.3651562 -1. -1. -1. -1.
OGLE-LMC-RRLYR-08935 0.4755132 0.3537224 -1. -1. -1. -1.
OGLE-LMC-RRLYR-08962 0.5271130 0.3929721 -1. -1. -1. -1.
OGLE-LMC-RRLYR-08987 0.5302689 0.3967627 -1. -1. -1. -1.
OGLE-LMC-RRLYR-09043 0.5539701 0.4133710 -1. -1. -1. -1.
OGLE-LMC-RRLYR-09069 0.4736889 0.3523881 -1. -1. -1. -1.
OGLE-LMC-RRLYR-09165 0.4638156 0.3448296 -1. -1. -1. -1.
OGLE-LMC-RRLYR-09172 0.4695750 0.3487870 -1. -1. -1. -1.
OGLE-LMC-RRLYR-09204 0.4804202 0.3572151 -1. -1. -1. -1.
OGLE-LMC-RRLYR-09243 0.4772573 0.3551539 -1. -1. -1. -1.
OGLE-LMC-RRLYR-09327 0.4737520 0.3523544 -1. -1. -1. -1.
OGLE-LMC-RRLYR-09405 0.4714616 0.3505977 -1. -1. -1. -1.
OGLE-LMC-RRLYR-09430 0.5049059 0.3766380 -1. -1. -1. -1.
OGLE-LMC-RRLYR-09441 0.4715976 0.3508349 -1. -1. -1. -1.
OGLE-LMC-RRLYR-09445 0.4675622 0.3477225 -1. -1. -1. -1.
OGLE-LMC-RRLYR-09450 0.4615958 0.3429529 -1. -1. -1. -1.
OGLE-LMC-RRLYR-09464 0.4642095 0.3450321 -1. -1. -1. -1.
OGLE-LMC-RRLYR-09490 0.5397656 0.4027170 -1. -1. -1. -1.
OGLE-LMC-RRLYR-09506 0.4659752 0.3462586 -1. -1. -1. -1.
OGLE-LMC-RRLYR-09509 0.4579942 0.3401464 -1. -1. -1. -1.
OGLE-LMC-RRLYR-09524 0.5009215 0.3730681 -1. -1. -1. -1.
OGLE-LMC-RRLYR-09575 0.4745457 0.3529436 -1. -1. -1. -1.
OGLE-LMC-RRLYR-09612 0.4779264 0.3554120 -1. -1. -1. -1.
OGLE-LMC-RRLYR-09618 0.4840580 0.3603988 -1. -1. -1. -1.
OGLE-LMC-RRLYR-09625 0.4837374 0.3604200 -1. -1. -1. -1.
OGLE-LMC-RRLYR-09634 0.4721084 0.3510314 -1. -1. -1. -1.
OGLE-LMC-RRLYR-09652 0.4700671 0.3492395 -1. -1. -1. -1.
OGLE-LMC-RRLYR-09682 0.4849866 0.3631385 -1. -1. -1. -1.
OGLE-LMC-RRLYR-09691 0.4738382 0.3522422 -1. -1. -1. -1.
OGLE-LMC-RRLYR-09805 0.4967537 0.3697962 -1. -1. -1. -1.
OGLE-LMC-RRLYR-09856 0.5170118 0.3855643 -1. -1. -1. -1.
OGLE-LMC-RRLYR-09881 0.4845343 0.3605478 -1. -1. -1. -1.
OGLE-LMC-RRLYR-09897 0.4727694 0.3516609 -1. -1. -1. -1.
OGLE-LMC-RRLYR-09923 0.4692545 0.3489632 -1. -1. -1. -1.
OGLE-LMC-RRLYR-09927 0.4628858 0.3438249 -1. -1. -1. -1.
OGLE-LMC-RRLYR-09953 0.4985848 0.3712575 -1. -1. -1. -1.
OGLE-LMC-RRLYR-10119 0.5317015 0.3961669 -1. -1. -1. -1.
OGLE-LMC-RRLYR-10124 0.4881002 0.3634593 -1. -1. -1. -1.
OGLE-LMC-RRLYR-10204 0.4715657 0.3507169 -1. -1. -1. -1.
OGLE-LMC-RRLYR-10206 0.4899198 0.3648235 -1. -1. -1. -1.
OGLE-LMC-RRLYR-10247 0.4958574 0.3692412 -1. -1. -1. -1.
OGLE-LMC-RRLYR-10255 0.4645722 0.3451913 -1. -1. -1. -1.
OGLE-LMC-RRLYR-10281 0.4986125 0.3713001 -1. -1. -1. -1.
OGLE-LMC-RRLYR-10288 0.4774932 0.3553836 -1. -1. -1. -1.
OGLE-LMC-RRLYR-10324 0.4668816 0.3469094 -1. -1. -1. -1.
OGLE-LMC-RRLYR-10359 0.4826841 0.3591881 -1. -1. -1. -1.
OGLE-LMC-RRLYR-10372 0.5016828 0.3735980 -1. -1. -1. -1.
OGLE-LMC-RRLYR-10393 0.5127430 0.3821557 -1. -1. -1. -1.
OGLE-LMC-RRLYR-10493 0.4679912 0.3480814 -1. -1. -1. -1.
OGLE-LMC-RRLYR-10495 0.4698441 0.3488768 -1. -1. -1. -1.
OGLE-LMC-RRLYR-10556 0.4867504 0.3620254 -1. -1. -1. -1.
OGLE-LMC-RRLYR-10573 0.4828410 0.3595366 -1. -1. -1. -1.
OGLE-LMC-RRLYR-10574 0.4671991 0.3470986 -1. -1. -1. -1.
OGLE-LMC-RRLYR-10577 0.4672245 0.3474389 -1. -1. -1. -1.
OGLE-LMC-RRLYR-10622 0.4741086 0.3524525 -1. -1. -1. -1.
OGLE-LMC-RRLYR-10689 0.5487340 0.4091264 -1. -1. -1. -1.
OGLE-LMC-RRLYR-10693 0.4808875 0.3577558 -1. -1. -1. -1.
OGLE-LMC-RRLYR-10745 0.5059196 0.3770690 -1. -1. -1. -1.
OGLE-LMC-RRLYR-10787 0.4677899 0.3475609 -1. -1. -1. -1.
OGLE-LMC-RRLYR-10798 0.5418447 0.4042004 -1. -1. -1. -1.
OGLE-LMC-RRLYR-10859 0.4839229 0.3602797 -1. -1. -1. -1.
OGLE-LMC-RRLYR-10930 0.4730252 0.3518868 -1. -1. -1. -1.
OGLE-LMC-RRLYR-10937 0.4648057 0.3452449 -1. -1. -1. -1.
OGLE-LMC-RRLYR-10977 0.5193601 0.3888508 -1. -1. -1. -1.
OGLE-LMC-RRLYR-11089 0.4698130 0.3491724 -1. -1. -1. -1.
OGLE-LMC-RRLYR-11102 0.4800215 0.3572346 -1. -1. -1. -1.
OGLE-LMC-RRLYR-11216 0.4954197 0.3685950 -1. -1. -1. -1.
OGLE-LMC-RRLYR-11272 0.4841735 0.3597910 -1. -1. -1. -1.
OGLE-LMC-RRLYR-11334 0.4612396 0.3426660 -1. -1. -1. -1.
OGLE-LMC-RRLYR-11357 0.5053456 0.3767037 -1. -1. -1. -1.
OGLE-LMC-RRLYR-11368 0.5205092 0.3885551 -1. -1. -1. -1.
OGLE-LMC-RRLYR-11392 0.4985383 0.3714807 -1. -1. -1. -1.
OGLE-LMC-RRLYR-11426 0.4649032 0.3453388 -1. -1. -1. -1.
OGLE-LMC-RRLYR-11461 0.4647469 0.3452063 -1. -1. -1. -1.
OGLE-LMC-RRLYR-11508 0.4734806 0.3531604 -1. -1. -1. -1.
OGLE-LMC-RRLYR-11638 0.4665082 0.3465469 -1. -1. -1. -1.
OGLE-LMC-RRLYR-11671 0.4970548 0.3703312 -1. -1. -1. -1.
OGLE-LMC-RRLYR-11672 0.4760693 0.3540926 -1. -1. -1. -1.
OGLE-LMC-RRLYR-11718 0.4815446 0.3583567 -1. -1. -1. -1.
OGLE-LMC-RRLYR-11738 0.5412418 0.4033535 -1. -1. -1. -1.
OGLE-LMC-RRLYR-11778 0.4693768 0.3489875 -1. -1. -1. -1.
OGLE-LMC-RRLYR-11805 0.4714622 0.3507645 -1. -1. -1. -1.
OGLE-LMC-RRLYR-11821 0.4670164 0.3470503 -1. -1. -1. -1.
OGLE-LMC-RRLYR-11838 0.4613230 0.3426616 -1. -1. -1. -1.
OGLE-LMC-RRLYR-11839 0.4859878 0.3617266 -1. -1. -1. -1.
OGLE-LMC-RRLYR-11841 0.4733636 0.3520201 -1. -1. -1. -1.
OGLE-LMC-RRLYR-11918 0.4762195 0.3540287 -1. -1. -1. -1.
OGLE-LMC-RRLYR-11922 0.5255812 0.3922427 -1. -1. -1. -1.
OGLE-LMC-RRLYR-12006 0.5540179 0.4133336 -1. -1. -1. -1.
OGLE-LMC-RRLYR-12026 0.4951244 0.3685910 -1. -1. -1. -1.
OGLE-LMC-RRLYR-12047 0.4926155 0.3664037 -1. -1. -1. -1.
OGLE-LMC-RRLYR-12051 0.5136568 0.3831582 -1. -1. -1. -1.
OGLE-LMC-RRLYR-12111 0.4810082 0.3579086 -1. -1. -1. -1.
OGLE-LMC-RRLYR-12125 0.4816516 0.3585256 -1. -1. -1. -1.
OGLE-LMC-RRLYR-12143 0.4679401 0.3477364 -1. -1. -1. -1.
OGLE-LMC-RRLYR-12180 0.4748508 0.3531567 -1. -1. -1. -1.
OGLE-LMC-RRLYR-12195 0.4860944 0.3617476 -1. -1. -1. -1.
OGLE-LMC-RRLYR-12226 0.4739388 0.3526306 -1. -1. -1. -1.
OGLE-LMC-RRLYR-12266 0.4755426 0.3537978 -1. -1. -1. -1.
OGLE-LMC-RRLYR-12271 0.4764622 0.3541825 -1. -1. -1. -1.
OGLE-LMC-RRLYR-12277 0.4680386 0.3476482 -1. -1. -1. -1.
OGLE-LMC-RRLYR-12360 0.4721978 0.3511768 -1. -1. -1. -1.
OGLE-LMC-RRLYR-12460 0.5043922 0.3756930 -1. -1. -1. -1.
OGLE-LMC-RRLYR-12482 0.4726992 0.3516881 -1. -1. -1. -1.
OGLE-LMC-RRLYR-12531 0.4748948 0.3532122 -1. -1. -1. -1.
OGLE-LMC-RRLYR-12552 0.4771491 0.3546670 -1. -1. -1. -1.
OGLE-LMC-RRLYR-12601 0.5045273 0.3762774 -1. -1. -1. -1.
OGLE-LMC-RRLYR-12631 0.4685371 0.3484394 -1. -1. -1. -1.
OGLE-LMC-RRLYR-12634 0.4608704 0.3422586 -1. -1. -1. -1.
OGLE-LMC-RRLYR-12655 0.4649141 0.3449459 -1. -1. -1. -1.
OGLE-LMC-RRLYR-12676 0.4604235 0.3419156 -1. -1. -1. -1.
OGLE-LMC-RRLYR-12829 0.4652740 0.3457218 -1. -1. -1. -1.
OGLE-LMC-RRLYR-12864 0.4923672 0.3660127 -1. -1. -1. -1.
OGLE-LMC-RRLYR-12877 0.4807804 0.3578424 -1. -1. -1. -1.
OGLE-LMC-RRLYR-12903 0.4794972 0.3567828 -1. -1. -1. -1.
OGLE-LMC-RRLYR-12909 0.4610114 0.3424836 -1. -1. -1. -1.
OGLE-LMC-RRLYR-12931 0.4652174 0.3457263 -1. -1. -1. -1.
OGLE-LMC-RRLYR-13009 0.4814564 0.3585595 -1. -1. -1. -1.
OGLE-LMC-RRLYR-13034 0.4937431 0.3676343 -1. -1. -1. -1.
OGLE-LMC-RRLYR-13088 0.5083991 0.3796921 -1. -1. -1. -1.
OGLE-LMC-RRLYR-13093 0.4653524 0.3455795 -1. -1. -1. -1.
OGLE-LMC-RRLYR-13095 0.4961278 0.3695537 -1. -1. -1. -1.
OGLE-LMC-RRLYR-13112 0.4999369 0.3720799 -1. -1. -1. -1.
OGLE-LMC-RRLYR-13128 0.4686472 0.3480160 -1. -1. -1. -1.
OGLE-LMC-RRLYR-13214 0.4759225 0.3541923 -1. -1. -1. -1.
OGLE-LMC-RRLYR-13232 0.5115931 0.3814173 -1. -1. -1. -1.
OGLE-LMC-RRLYR-13266 0.4617863 0.3430808 -1. -1. -1. -1.
OGLE-LMC-RRLYR-13317 0.4833571 0.3598906 -1. -1. -1. -1.
OGLE-LMC-RRLYR-13346 0.4801905 0.3570160 -1. -1. -1. -1.
OGLE-LMC-RRLYR-13369 0.4839633 0.3603041 -1. -1. -1. -1.
OGLE-LMC-RRLYR-13457 0.4788661 0.3558552 -1. -1. -1. -1.
OGLE-LMC-RRLYR-13542 0.4626566 0.3438181 -1. -1. -1. -1.
OGLE-LMC-RRLYR-13615 0.4648585 0.3454423 -1. -1. -1. -1.
OGLE-LMC-RRLYR-13632 0.4658976 0.3463128 -1. -1. -1. -1.
OGLE-LMC-RRLYR-13659 0.4804263 0.3574556 -1. -1. -1. -1.
OGLE-LMC-RRLYR-13685 0.4874692 0.3631818 -1. -1. -1. -1.
OGLE-LMC-RRLYR-13727 0.4675895 0.3475101 -1. -1. -1. -1.
OGLE-LMC-RRLYR-13770 0.5460746 0.4070708 -1. -1. -1. -1.
OGLE-LMC-RRLYR-13777 0.4623573 0.3433956 -1. -1. -1. -1.
OGLE-LMC-RRLYR-13783 0.4711385 0.3501258 -1. -1. -1. -1.
OGLE-LMC-RRLYR-13810 0.4808314 0.3580701 -1. -1. -1. -1.
OGLE-LMC-RRLYR-13815 0.4792544 0.3566806 -1. -1. -1. -1.
OGLE-LMC-RRLYR-13835 0.4699954 0.3494672 -1. -1. -1. -1.
OGLE-LMC-RRLYR-13836 0.4616555 0.3430092 -1. -1. -1. -1.
OGLE-LMC-RRLYR-13839 0.5298831 0.3951244 -1. -1. -1. -1.
OGLE-LMC-RRLYR-13865 0.4824516 0.3590834 -1. -1. -1. -1.
OGLE-LMC-RRLYR-13885 0.4765308 0.3546069 -1. -1. -1. -1.
OGLE-LMC-RRLYR-13890 0.4813809 0.3582689 -1. -1. -1. -1.
OGLE-LMC-RRLYR-13933 0.4931692 0.3677174 -1. -1. -1. -1.
OGLE-LMC-RRLYR-13960 0.4661516 0.3463834 -1. -1. -1. -1.
OGLE-LMC-RRLYR-13975 0.4807026 0.3574589 -1. -1. -1. -1.
OGLE-LMC-RRLYR-13977 0.4800436 0.3572113 -1. -1. -1. -1.
OGLE-LMC-RRLYR-13997 0.4694876 0.3490224 -1. -1. -1. -1.
OGLE-LMC-RRLYR-14015 0.4745833 0.3528262 -1. -1. -1. -1.
OGLE-LMC-RRLYR-14045 0.4679373 0.3478322 -1. -1. -1. -1.
OGLE-LMC-RRLYR-14091 0.4848007 0.3608498 -1. -1. -1. -1.
OGLE-LMC-RRLYR-14114 0.4736224 0.3523170 -1. -1. -1. -1.
OGLE-LMC-RRLYR-14140 0.4713973 0.3506748 -1. -1. -1. -1.
OGLE-LMC-RRLYR-14162 0.4853301 0.3611600 -1. -1. -1. -1.
OGLE-LMC-RRLYR-14186 0.4904640 0.3652493 -1. -1. -1. -1.
OGLE-LMC-RRLYR-14209 0.5098106 0.3783863 -1. -1. -1. -1.
OGLE-LMC-RRLYR-14287 0.4892749 0.3645409 -1. -1. -1. -1.
OGLE-LMC-RRLYR-14330 0.4798245 0.3571113 -1. -1. -1. -1.
OGLE-LMC-RRLYR-14344 0.4675006 0.3474834 -1. -1. -1. -1.
OGLE-LMC-RRLYR-14412 0.4620688 0.3432369 -1. -1. -1. -1.
OGLE-LMC-RRLYR-14427 0.4431887 0.3288203 -1. -1. -1. -1.
OGLE-LMC-RRLYR-14437 0.4930749 0.3669380 -1. -1. -1. -1.
OGLE-LMC-RRLYR-14519 0.4652083 0.3457231 -1. -1. -1. -1.
OGLE-LMC-RRLYR-14540 0.4803650 0.3572285 -1. -1. -1. -1.
OGLE-LMC-RRLYR-14557 0.4966183 0.3694838 -1. -1. -1. -1.
OGLE-LMC-RRLYR-14576 0.5107989 0.3811432 -1. -1. -1. -1.
OGLE-LMC-RRLYR-14590 0.4750125 0.3534765 -1. -1. -1. -1.
OGLE-LMC-RRLYR-14632 0.4729221 0.3519177 -1. -1. -1. -1.
OGLE-LMC-RRLYR-14636 0.5115493 0.3815874 -1. -1. -1. -1.
OGLE-LMC-RRLYR-14712 0.5298471 0.3953599 -1. -1. -1. -1.
OGLE-LMC-RRLYR-14745 0.4858019 0.3615790 -1. -1. -1. -1.
OGLE-LMC-RRLYR-14768 0.4568339 0.3389655 -1. -1. -1. -1.
OGLE-LMC-RRLYR-14786 0.4980381 0.3706148 -1. -1. -1. -1.
OGLE-LMC-RRLYR-14790 0.4661332 0.3463187 -1. -1. -1. -1.
OGLE-LMC-RRLYR-14792 0.4750330 0.3533750 -1. -1. -1. -1.
OGLE-LMC-RRLYR-14805 0.4847832 0.3610844 -1. -1. -1. -1.
OGLE-LMC-RRLYR-14874 0.4993638 0.3719927 -1. -1. -1. -1.
OGLE-LMC-RRLYR-14896 0.4800643 0.3574315 -1. -1. -1. -1.
OGLE-LMC-RRLYR-14897 0.4760359 0.3541201 -1. -1. -1. -1.
OGLE-LMC-RRLYR-14910 0.4689840 0.3486780 -1. -1. -1. -1.
OGLE-LMC-RRLYR-14948 0.4944434 0.3681604 -1. -1. -1. -1.
OGLE-LMC-RRLYR-14974 0.4785851 0.3558644 -1. -1. -1. -1.
OGLE-LMC-RRLYR-14975 0.4965445 0.3697935 -1. -1. -1. -1.
OGLE-LMC-RRLYR-15013 0.4605714 0.3420516 -1. -1. -1. -1.
OGLE-LMC-RRLYR-15021 0.4911051 0.3655173 -1. -1. -1. -1.
OGLE-LMC-RRLYR-15030 0.4893052 0.3639278 -1. -1. -1. -1.
OGLE-LMC-RRLYR-15037 0.4783508 0.3559256 -1. -1. -1. -1.
OGLE-LMC-RRLYR-15057 0.4682764 0.3479670 -1. -1. -1. -1.
OGLE-LMC-RRLYR-15092 0.4827931 0.3591598 -1. -1. -1. -1.
OGLE-LMC-RRLYR-15136 0.4693749 0.3490584 -1. -1. -1. -1.
OGLE-LMC-RRLYR-15149 0.4891593 0.3640677 -1. -1. -1. -1.
OGLE-LMC-RRLYR-15254 0.5021944 0.3745544 -1. -1. -1. -1.
OGLE-LMC-RRLYR-15305 0.4738858 0.3523042 -1. -1. -1. -1.
OGLE-LMC-RRLYR-15318 0.4622055 0.3433548 -1. -1. -1. -1.
OGLE-LMC-RRLYR-15363 0.4691076 0.3485060 -1. -1. -1. -1.
OGLE-LMC-RRLYR-15425 0.4874082 0.3629995 -1. -1. -1. -1.
OGLE-LMC-RRLYR-15441 0.5287111 0.3943778 -1. -1. -1. -1.
OGLE-LMC-RRLYR-15502 0.4959072 0.3689544 -1. -1. -1. -1.
OGLE-LMC-RRLYR-15519 0.4985038 0.3707680 -1. -1. -1. -1.
OGLE-LMC-RRLYR-15526 0.4826436 0.3594563 -1. -1. -1. -1.
OGLE-LMC-RRLYR-15527 0.4950769 0.3685675 -1. -1. -1. -1.
OGLE-LMC-RRLYR-15560 0.4781199 0.3554019 -1. -1. -1. -1.
OGLE-LMC-RRLYR-15649 0.4693791 0.3490546 -1. -1. -1. -1.
OGLE-LMC-RRLYR-15685 0.4671730 0.3471850 -1. -1. -1. -1.
OGLE-LMC-RRLYR-15688 0.4821941 0.3588342 -1. -1. -1. -1.
OGLE-LMC-RRLYR-15723 0.4801844 0.3574370 -1. -1. -1. -1.
OGLE-LMC-RRLYR-15730 0.4837674 0.3600545 -1. -1. -1. -1.
OGLE-LMC-RRLYR-15744 0.4825568 0.3592972 -1. -1. -1. -1.
OGLE-LMC-RRLYR-15816 0.4702178 0.3495215 -1. -1. -1. -1.
OGLE-LMC-RRLYR-15908 0.4650286 0.3456121 -1. -1. -1. -1.
OGLE-LMC-RRLYR-15950 0.5016191 0.3737424 -1. -1. -1. -1.
OGLE-LMC-RRLYR-16025 0.4694156 0.3490650 -1. -1. -1. -1.
OGLE-LMC-RRLYR-16037 0.4815974 0.3583755 -1. -1. -1. -1.
OGLE-LMC-RRLYR-16120 0.4823887 0.3590609 -1. -1. -1. -1.
OGLE-LMC-RRLYR-16134 0.4758173 0.3540789 -1. -1. -1. -1.
OGLE-LMC-RRLYR-16145 0.4739568 0.3524388 -1. -1. -1. -1.
OGLE-LMC-RRLYR-16215 0.4690446 0.3484403 -1. -1. -1. -1.
OGLE-LMC-RRLYR-16244 0.5013935 0.3731443 -1. -1. -1. -1.
OGLE-LMC-RRLYR-16274 0.5251022 0.3912667 -1. -1. -1. -1.
OGLE-LMC-RRLYR-16289 0.4667835 0.3468522 -1. -1. -1. -1.
OGLE-LMC-RRLYR-16290 0.4687549 0.3485628 -1. -1. -1. -1.
OGLE-LMC-RRLYR-16300 0.4738866 0.3526497 -1. -1. -1. -1.
OGLE-LMC-RRLYR-16311 0.4792054 0.3565748 -1. -1. -1. -1.
OGLE-LMC-RRLYR-16313 0.4802437 0.3569172 -1. -1. -1. -1.
OGLE-LMC-RRLYR-16333 0.4820656 0.3589874 -1. -1. -1. -1.
OGLE-LMC-RRLYR-16336 0.4932366 0.3670921 -1. -1. -1. -1.
OGLE-LMC-RRLYR-16367 0.4743312 0.3527590 -1. -1. -1. -1.
OGLE-LMC-RRLYR-16531 0.4875311 0.3628118 -1. -1. -1. -1.
OGLE-LMC-RRLYR-16536 0.4627174 0.3435784 -1. -1. -1. -1.
OGLE-LMC-RRLYR-16586 0.4867734 0.3623130 -1. -1. -1. -1.
OGLE-LMC-RRLYR-16599 0.4667139 0.3466929 -1. -1. -1. -1.
OGLE-LMC-RRLYR-16611 0.4849701 0.3612212 -1. -1. -1. -1.
OGLE-LMC-RRLYR-16713 0.4985854 0.3712896 -1. -1. -1. -1.
OGLE-LMC-RRLYR-16754 0.4726769 0.3517619 -1. -1. -1. -1.
OGLE-LMC-RRLYR-16812 0.4651619 0.3455861 -1. -1. -1. -1.
OGLE-LMC-RRLYR-16827 0.4858811 0.3615282 -1. -1. -1. -1.
OGLE-LMC-RRLYR-16903 0.4882754 0.3635528 -1. -1. -1. -1.
OGLE-LMC-RRLYR-16910 0.5383844 0.4013672 -1. -1. -1. -1.
OGLE-LMC-RRLYR-16955 0.5340298 0.3986316 -1. -1. -1. -1.
OGLE-LMC-RRLYR-16992 0.4735601 0.3522595 -1. -1. -1. -1.
OGLE-LMC-RRLYR-16993 0.4852613 0.3613774 -1. -1. -1. -1.
OGLE-LMC-RRLYR-17033 0.4724056 0.3514107 -1. -1. -1. -1.
OGLE-LMC-RRLYR-17062 0.4714983 0.3507632 -1. -1. -1. -1.
OGLE-LMC-RRLYR-17070 0.4642070 0.3446056 -1. -1. -1. -1.
OGLE-LMC-RRLYR-17125 0.4705690 0.3500135 -1. -1. -1. -1.
OGLE-LMC-RRLYR-17136 0.5078116 0.3773510 -1. -1. -1. -1.
OGLE-LMC-RRLYR-17163 0.4623946 0.3432797 -1. -1. -1. -1.
OGLE-LMC-RRLYR-17201 0.4761873 0.3543681 -1. -1. -1. -1.
OGLE-LMC-RRLYR-17208 0.4859204 0.3615255 -1. -1. -1. -1.
OGLE-LMC-RRLYR-17288 0.4850697 0.3612042 -1. -1. -1. -1.
OGLE-LMC-RRLYR-17313 0.4595204 0.3410706 -1. -1. -1. -1.
OGLE-LMC-RRLYR-17319 0.4656090 0.3459530 -1. -1. -1. -1.
OGLE-LMC-RRLYR-17322 0.5374518 0.4010432 -1. -1. -1. -1.
OGLE-LMC-RRLYR-17353 0.4970171 0.3724087 -1. -1. -1. -1.
OGLE-LMC-RRLYR-17358 0.4692951 0.3487908 -1. -1. -1. -1.
OGLE-LMC-RRLYR-17404 0.4611193 0.3422814 -1. -1. -1. -1.
OGLE-LMC-RRLYR-17435 0.4919453 0.3662112 -1. -1. -1. -1.
OGLE-LMC-RRLYR-17515 0.4883179 0.3635875 -1. -1. -1. -1.
OGLE-LMC-RRLYR-17516 0.4924758 0.3665545 -1. -1. -1. -1.
OGLE-LMC-RRLYR-17531 0.4781519 0.3556841 -1. -1. -1. -1.
OGLE-LMC-RRLYR-17535 0.5008294 0.3728395 -1. -1. -1. -1.
OGLE-LMC-RRLYR-17545 0.4938676 0.3677674 -1. -1. -1. -1.
OGLE-LMC-RRLYR-17546 0.4950041 0.3688682 -1. -1. -1. -1.
OGLE-LMC-RRLYR-17577 0.4862262 0.3617368 -1. -1. -1. -1.
OGLE-LMC-RRLYR-17670 0.4756772 0.3539981 -1. -1. -1. -1.
OGLE-LMC-RRLYR-17696 0.4713934 0.3506796 -1. -1. -1. -1.
OGLE-LMC-RRLYR-17723 0.5439907 0.4055753 -1. -1. -1. -1.
OGLE-LMC-RRLYR-17753 0.4862839 0.3616570 -1. -1. -1. -1.
OGLE-LMC-RRLYR-17793 0.4773892 0.3535537 -1. -1. -1. -1.
OGLE-LMC-RRLYR-17830 0.4802277 0.3571424 -1. -1. -1. -1.
OGLE-LMC-RRLYR-17946 0.5022552 0.3739653 -1. -1. -1. -1.
OGLE-LMC-RRLYR-18045 0.4697379 0.3489977 -1. -1. -1. -1.
OGLE-LMC-RRLYR-18066 0.4928693 0.3668655 -1. -1. -1. -1.
OGLE-LMC-RRLYR-18073 0.4868595 0.3627770 -1. -1. -1. -1.
OGLE-LMC-RRLYR-18124 0.4855939 0.3614156 -1. -1. -1. -1.
OGLE-LMC-RRLYR-18154 0.4647165 0.3451932 -1. -1. -1. -1.
OGLE-LMC-RRLYR-18171 0.4734059 0.3522044 -1. -1. -1. -1.
OGLE-LMC-RRLYR-18216 0.4715363 0.3505490 -1. -1. -1. -1.
OGLE-LMC-RRLYR-18219 0.4787362 0.3563407 -1. -1. -1. -1.
OGLE-LMC-RRLYR-18229 0.4925144 0.3669317 -1. -1. -1. -1.
OGLE-LMC-RRLYR-18231 0.5165724 0.3854086 -1. -1. -1. -1.
OGLE-LMC-RRLYR-18241 0.4758659 0.3537831 -1. -1. -1. -1.
OGLE-LMC-RRLYR-18273 0.4709370 0.3501878 -1. -1. -1. -1.
OGLE-LMC-RRLYR-18299 0.4736879 0.3523613 -1. -1. -1. -1.
OGLE-LMC-RRLYR-18302 0.4710274 0.3502096 -1. -1. -1. -1.
OGLE-LMC-RRLYR-18303 0.4667968 0.3468702 -1. -1. -1. -1.
OGLE-LMC-RRLYR-18400 0.4719671 0.3508678 -1. -1. -1. -1.
OGLE-LMC-RRLYR-18420 0.4862244 0.3617679 -1. -1. -1. -1.
OGLE-LMC-RRLYR-18459 0.4637131 0.3445101 -1. -1. -1. -1.
OGLE-LMC-RRLYR-18474 0.5348238 0.3990348 -1. -1. -1. -1.
OGLE-LMC-RRLYR-18495 0.4786459 0.3563196 -1. -1. -1. -1.
OGLE-LMC-RRLYR-18510 0.4630572 0.3438031 -1. -1. -1. -1.
OGLE-LMC-RRLYR-18521 0.4914507 0.3656933 -1. -1. -1. -1.
OGLE-LMC-RRLYR-18530 0.4801037 0.3574250 -1. -1. -1. -1.
OGLE-LMC-RRLYR-18531 0.4772405 0.3554912 -1. -1. -1. -1.
OGLE-LMC-RRLYR-18532 0.4687719 0.3483836 -1. -1. -1. -1.
OGLE-LMC-RRLYR-18537 0.5044125 0.3755569 -1. -1. -1. -1.
OGLE-LMC-RRLYR-18548 0.4621610 0.3434062 -1. -1. -1. -1.
OGLE-LMC-RRLYR-18582 0.4762529 0.3548512 -1. -1. -1. -1.
OGLE-LMC-RRLYR-18600 0.4812767 0.3583256 -1. -1. -1. -1.
OGLE-LMC-RRLYR-18621 0.4613017 0.3424302 -1. -1. -1. -1.
OGLE-LMC-RRLYR-18659 0.4838999 0.3603506 -1. -1. -1. -1.
OGLE-LMC-RRLYR-18661 0.4699847 0.3493214 -1. -1. -1. -1.
OGLE-LMC-RRLYR-18692 0.5371685 0.4006717 -1. -1. -1. -1.
OGLE-LMC-RRLYR-18701 0.4808750 0.3576284 -1. -1. -1. -1.
OGLE-LMC-RRLYR-18718 0.4866700 0.3624079 -1. -1. -1. -1.
OGLE-LMC-RRLYR-18767 0.5332245 0.3977709 -1. -1. -1. -1.
OGLE-LMC-RRLYR-18804 0.4871077 0.3628575 -1. -1. -1. -1.
OGLE-LMC-RRLYR-18901 0.4629859 0.3439095 -1. -1. -1. -1.
OGLE-LMC-RRLYR-18919 0.4521536 0.3352594 -1. -1. -1. -1.
OGLE-LMC-RRLYR-18947 0.4731392 0.3519921 -1. -1. -1. -1.
OGLE-LMC-RRLYR-19030 0.4715312 0.3508377 -1. -1. -1. -1.
OGLE-LMC-RRLYR-19070 0.5185119 0.3861456 -1. -1. -1. -1.
OGLE-LMC-RRLYR-19148 0.4732994 0.3526411 -1. -1. -1. -1.
OGLE-LMC-RRLYR-19164 0.4656304 0.3461126 -1. -1. -1. -1.
OGLE-LMC-RRLYR-19211 0.4921427 0.3670356 -1. -1. -1. -1.
OGLE-LMC-RRLYR-19221 0.4720596 0.3511209 -1. -1. -1. -1.
OGLE-LMC-RRLYR-19249 0.4810165 0.3577780 -1. -1. -1. -1.
OGLE-LMC-RRLYR-19269 0.4639347 0.3447828 -1. -1. -1. -1.
OGLE-LMC-RRLYR-19291 0.4643605 0.3450574 -1. -1. -1. -1.
OGLE-LMC-RRLYR-19324 0.5184141 0.3866939 -1. -1. -1. -1.
OGLE-LMC-RRLYR-19384 0.4687752 0.3486600 -1. -1. -1. -1.
OGLE-LMC-RRLYR-19411 0.4628050 0.3436237 -1. -1. -1. -1.
OGLE-LMC-RRLYR-19473 0.4698361 0.3491213 -1. -1. -1. -1.
OGLE-LMC-RRLYR-19474 0.4666243 0.3465695 -1. -1. -1. -1.
OGLE-LMC-RRLYR-19532 0.4759633 0.3539568 -1. -1. -1. -1.
OGLE-LMC-RRLYR-19539 0.4687866 0.3481600 -1. -1. -1. -1.
OGLE-LMC-RRLYR-19541 0.4837800 0.3601832 -1. -1. -1. -1.
OGLE-LMC-RRLYR-19601 0.4724077 0.3514478 -1. -1. -1. -1.
OGLE-LMC-RRLYR-19622 0.4992016 0.3718189 -1. -1. -1. -1.
OGLE-LMC-RRLYR-19636 0.4940130 0.3676587 -1. -1. -1. -1.
OGLE-LMC-RRLYR-19645 0.4586880 0.3406882 -1. -1. -1. -1.
OGLE-LMC-RRLYR-19651 0.4600581 0.3415188 -1. -1. -1. -1.
OGLE-LMC-RRLYR-19652 0.5012396 0.3731431 -1. -1. -1. -1.
OGLE-LMC-RRLYR-19670 0.4795313 0.3570055 -1. -1. -1. -1.
OGLE-LMC-RRLYR-19697 0.4677405 0.3475766 -1. -1. -1. -1.
OGLE-LMC-RRLYR-19699 0.4848547 0.3605333 -1. -1. -1. -1.
OGLE-LMC-RRLYR-19700 0.5534916 0.4131857 -1. -1. -1. -1.
OGLE-LMC-RRLYR-19722 0.4654646 0.3460237 -1. -1. -1. -1.
OGLE-LMC-RRLYR-19732 0.4761214 0.3543399 -1. -1. -1. -1.
OGLE-LMC-RRLYR-19760 0.4731574 0.3519050 -1. -1. -1. -1.
OGLE-LMC-RRLYR-19797 0.4870070 0.3624984 -1. -1. -1. -1.
OGLE-LMC-RRLYR-19861 0.4756297 0.3537454 -1. -1. -1. -1.
OGLE-LMC-RRLYR-19912 0.4936247 0.3676308 -1. -1. -1. -1.
OGLE-LMC-RRLYR-19956 0.4803652 0.3574841 -1. -1. -1. -1.
OGLE-LMC-RRLYR-20076 0.4769181 0.3549389 -1. -1. -1. -1.
OGLE-LMC-RRLYR-20098 0.4693272 0.3488802 -1. -1. -1. -1.
OGLE-LMC-RRLYR-20121 0.4896062 0.3644274 -1. -1. -1. -1.
OGLE-LMC-RRLYR-20133 0.4813283 0.3584928 -1. -1. -1. -1.
OGLE-LMC-RRLYR-20150 0.4711187 0.3501463 -1. -1. -1. -1.
OGLE-LMC-RRLYR-20171 0.4737380 0.3524909 -1. -1. -1. -1.
OGLE-LMC-RRLYR-20217 0.4850186 0.3606963 -1. -1. -1. -1.
OGLE-LMC-RRLYR-20235 0.4901746 0.3651510 -1. -1. -1. -1.
OGLE-LMC-RRLYR-20248 0.4794323 0.3567223 -1. -1. -1. -1.
OGLE-LMC-RRLYR-20287 0.4727621 0.3515495 -1. -1. -1. -1.
OGLE-LMC-RRLYR-20305 0.5273894 0.3934759 -1. -1. -1. -1.
OGLE-LMC-RRLYR-20308 0.4626322 0.3439025 -1. -1. -1. -1.
OGLE-LMC-RRLYR-20329 0.4949486 0.3684551 -1. -1. -1. -1.
OGLE-LMC-RRLYR-20393 0.4739589 0.3528404 -1. -1. -1. -1.
OGLE-LMC-RRLYR-20429 0.4776922 0.3553736 -1. -1. -1. -1.
OGLE-LMC-RRLYR-20437 0.4604127 0.3419761 -1. -1. -1. -1.
OGLE-LMC-RRLYR-20458 0.5262543 0.3923926 -1. -1. -1. -1.
OGLE-LMC-RRLYR-20462 0.4756096 0.3537455 -1. -1. -1. -1.
OGLE-LMC-RRLYR-20471 0.4604062 0.3417582 -1. -1. -1. -1.
OGLE-LMC-RRLYR-20547 0.4740936 0.3524748 -1. -1. -1. -1.
OGLE-LMC-RRLYR-20585 0.4742919 0.3527352 -1. -1. -1. -1.
OGLE-LMC-RRLYR-20605 0.4757999 0.3541063 -1. -1. -1. -1.
OGLE-LMC-RRLYR-20643 0.5293727 0.3958106 -1. -1. -1. -1.
OGLE-LMC-RRLYR-20665 0.4692858 0.3484538 -1. -1. -1. -1.
OGLE-LMC-RRLYR-20708 0.4743468 0.3528291 -1. -1. -1. -1.
OGLE-LMC-RRLYR-20741 0.4926542 0.3664931 -1. -1. -1. -1.
OGLE-LMC-RRLYR-20747 0.4824587 0.3592506 -1. -1. -1. -1.
OGLE-LMC-RRLYR-20792 0.4986321 0.3712801 -1. -1. -1. -1.
OGLE-LMC-RRLYR-20803 0.4685980 0.3485621 -1. -1. -1. -1.
OGLE-LMC-RRLYR-20828 0.4842240 0.3604938 -1. -1. -1. -1.
OGLE-LMC-RRLYR-20844 0.4898763 0.3648268 -1. -1. -1. -1.
OGLE-LMC-RRLYR-20869 0.4659980 0.3465582 -1. -1. -1. -1.
OGLE-LMC-RRLYR-20886 0.4688085 0.3483809 -1. -1. -1. -1.
OGLE-LMC-RRLYR-20947 0.4870968 0.3626071 -1. -1. -1. -1.
OGLE-LMC-RRLYR-20956 0.4842440 0.3600186 -1. -1. -1. -1.
OGLE-LMC-RRLYR-20973 0.5260735 0.3922261 -1. -1. -1. -1.
OGLE-LMC-RRLYR-20975 0.4836473 0.3599331 -1. -1. -1. -1.
OGLE-LMC-RRLYR-20980 0.5369794 0.3998615 -1. -1. -1. -1.
OGLE-LMC-RRLYR-21006 0.4725625 0.3512620 -1. -1. -1. -1.
OGLE-LMC-RRLYR-21008 0.4683007 0.3481090 -1. -1. -1. -1.
OGLE-LMC-RRLYR-21043 0.4836075 0.3601524 -1. -1. -1. -1.
OGLE-LMC-RRLYR-21086 0.4825216 0.3590873 -1. -1. -1. -1.
OGLE-LMC-RRLYR-21102 0.4860302 0.3610682 -1. -1. -1. -1.
OGLE-LMC-RRLYR-21106 0.4887844 0.3638729 -1. -1. -1. -1.
OGLE-LMC-RRLYR-21112 0.5027548 0.3743139 -1. -1. -1. -1.
OGLE-LMC-RRLYR-21114 0.4923805 0.3664340 -1. -1. -1. -1.
OGLE-LMC-RRLYR-21123 0.4766097 0.3558109 -1. -1. -1. -1.
OGLE-LMC-RRLYR-21165 0.4664273 0.3465723 -1. -1. -1. -1.
OGLE-LMC-RRLYR-21167 0.5053954 0.3765201 -1. -1. -1. -1.
OGLE-LMC-RRLYR-21180 0.4532918 0.3386962 -1. -1. -1. -1.
OGLE-LMC-RRLYR-21235 0.4793969 0.3565295 -1. -1. -1. -1.
OGLE-LMC-RRLYR-21245 0.4734162 0.3522120 -1. -1. -1. -1.
OGLE-LMC-RRLYR-21246 0.4857407 0.3617914 -1. -1. -1. -1.
OGLE-LMC-RRLYR-21257 0.4736688 0.3523293 -1. -1. -1. -1.
OGLE-LMC-RRLYR-21260 0.4799464 0.3570852 -1. -1. -1. -1.
OGLE-LMC-RRLYR-21286 0.4813893 0.3582645 -1. -1. -1. -1.
OGLE-LMC-RRLYR-21290 0.4799495 0.3574443 -1. -1. -1. -1.
OGLE-LMC-RRLYR-21309 0.4803701 0.3574530 -1. -1. -1. -1.
OGLE-LMC-RRLYR-21358 0.4789938 0.3563982 -1. -1. -1. -1.
OGLE-LMC-RRLYR-21405 0.4865057 0.3623078 -1. -1. -1. -1.
OGLE-LMC-RRLYR-21410 0.4774331 0.3552106 -1. -1. -1. -1.
OGLE-LMC-RRLYR-21427 0.4734488 0.3523119 -1. -1. -1. -1.
OGLE-LMC-RRLYR-21443 0.4867985 0.3623186 -1. -1. -1. -1.
OGLE-LMC-RRLYR-21450 0.5389519 0.4028594 -1. -1. -1. -1.
OGLE-LMC-RRLYR-21489 0.4865426 0.3623147 -1. -1. -1. -1.
OGLE-LMC-RRLYR-21503 0.5514488 0.4111723 -1. -1. -1. -1.
OGLE-LMC-RRLYR-21512 0.4816356 0.3580478 -1. -1. -1. -1.
OGLE-LMC-RRLYR-21535 0.4646197 0.3451874 -1. -1. -1. -1.
OGLE-LMC-RRLYR-21581 0.4770518 0.3547852 -1. -1. -1. -1.
OGLE-LMC-RRLYR-21618 0.4955422 0.3689259 -1. -1. -1. -1.
OGLE-LMC-RRLYR-21640 0.4647078 0.3453400 -1. -1. -1. -1.
OGLE-LMC-RRLYR-21653 0.4525447 0.3351424 -1. -1. -1. -1.
OGLE-LMC-RRLYR-21674 0.4762233 0.3542184 -1. -1. -1. -1.
OGLE-LMC-RRLYR-21692 0.4670437 0.3473288 -1. -1. -1. -1.
OGLE-LMC-RRLYR-21710 0.4954509 0.3687518 -1. -1. -1. -1.
OGLE-LMC-RRLYR-21781 0.4850049 0.3611993 -1. -1. -1. -1.
OGLE-LMC-RRLYR-21783 0.4641293 0.3450170 -1. -1. -1. -1.
OGLE-LMC-RRLYR-21784 0.5391335 0.4022532 -1. -1. -1. -1.
OGLE-LMC-RRLYR-21857 0.5292509 0.3940416 -1. -1. -1. -1.
OGLE-LMC-RRLYR-21864 0.4734235 0.3521967 -1. -1. -1. -1.
OGLE-LMC-RRLYR-21880 0.4946511 0.3682603 -1. -1. -1. -1.
OGLE-LMC-RRLYR-21932 0.4741623 0.3528893 -1. -1. -1. -1.
OGLE-LMC-RRLYR-21997 0.5330041 0.3973938 -1. -1. -1. -1.
OGLE-LMC-RRLYR-21999 0.5040438 0.3751419 -1. -1. -1. -1.
OGLE-LMC-RRLYR-22005 0.4665869 0.3466456 -1. -1. -1. -1.
OGLE-LMC-RRLYR-22010 0.5742554 0.4278933 -1. -1. -1. -1.
OGLE-LMC-RRLYR-22027 0.4771693 0.3549349 -1. -1. -1. -1.
OGLE-LMC-RRLYR-22034 0.4619848 0.3434171 -1. -1. -1. -1.
OGLE-LMC-RRLYR-22079 0.4886101 0.3638101 -1. -1. -1. -1.
OGLE-LMC-RRLYR-22093 0.4688346 0.3487518 -1. -1. -1. -1.
OGLE-LMC-RRLYR-22097 0.5624504 0.4196035 -1. -1. -1. -1.
OGLE-LMC-RRLYR-22132 0.4798964 0.3570640 -1. -1. -1. -1.
OGLE-LMC-RRLYR-22169 0.4798170 0.3569538 -1. -1. -1. -1.
OGLE-LMC-RRLYR-22192 0.4924017 0.3667347 -1. -1. -1. -1.
OGLE-LMC-RRLYR-22214 0.4790849 0.3565525 -1. -1. -1. -1.
OGLE-LMC-RRLYR-22220 0.4738804 0.3524638 -1. -1. -1. -1.
OGLE-LMC-RRLYR-22224 0.4898642 0.3648836 -1. -1. -1. -1.
OGLE-LMC-RRLYR-22227 0.4815161 0.3584729 -1. -1. -1. -1.
OGLE-LMC-RRLYR-22240 0.4752633 0.3537185 -1. -1. -1. -1.
OGLE-LMC-RRLYR-22242 0.5088712 0.3793131 -1. -1. -1. -1.
OGLE-LMC-RRLYR-22279 0.4613470 0.3426138 -1. -1. -1. -1.
OGLE-LMC-RRLYR-22283 0.4677027 0.3477165 -1. -1. -1. -1.
OGLE-LMC-RRLYR-22327 0.4776308 0.3553980 -1. -1. -1. -1.
OGLE-LMC-RRLYR-22390 0.4896735 0.3642635 -1. -1. -1. -1.
OGLE-LMC-RRLYR-22527 0.4895452 0.3644151 -1. -1. -1. -1.
OGLE-LMC-RRLYR-22550 0.4833532 0.3598263 -1. -1. -1. -1.
OGLE-LMC-RRLYR-22556 0.5417229 0.4046583 -1. -1. -1. -1.
OGLE-LMC-RRLYR-22625 0.4762341 0.3542174 -1. -1. -1. -1.
OGLE-LMC-RRLYR-22628 0.4876196 0.3626968 -1. -1. -1. -1.
OGLE-LMC-RRLYR-22641 0.4758573 0.3539907 -1. -1. -1. -1.
OGLE-LMC-RRLYR-22668 0.4936098 0.3675849 -1. -1. -1. -1.
OGLE-LMC-RRLYR-22683 0.4793301 0.3567080 -1. -1. -1. -1.
OGLE-LMC-RRLYR-22690 0.4728023 0.3516912 -1. -1. -1. -1.
OGLE-LMC-RRLYR-22698 0.4727783 0.3517482 -1. -1. -1. -1.
OGLE-LMC-RRLYR-22756 0.4691618 0.3486686 -1. -1. -1. -1.
OGLE-LMC-RRLYR-22760 0.5444161 0.4062042 -1. -1. -1. -1.
OGLE-LMC-RRLYR-22778 0.5079042 0.3789441 -1. -1. -1. -1.
OGLE-LMC-RRLYR-22779 0.4887648 0.3636891 -1. -1. -1. -1.
OGLE-LMC-RRLYR-22802 0.4659614 0.3463499 -1. -1. -1. -1.
OGLE-LMC-RRLYR-22804 0.4870890 0.3626752 -1. -1. -1. -1.
OGLE-LMC-RRLYR-22841 0.4691333 0.3485699 -1. -1. -1. -1.
OGLE-LMC-RRLYR-22858 0.4912198 0.3656880 -1. -1. -1. -1.
OGLE-LMC-RRLYR-22928 0.5187389 0.3864242 -1. -1. -1. -1.
OGLE-LMC-RRLYR-22974 0.4862905 0.3619970 -1. -1. -1. -1.
OGLE-LMC-RRLYR-22983 0.4888842 0.3640323 -1. -1. -1. -1.
OGLE-LMC-RRLYR-23084 0.4809743 0.3578691 -1. -1. -1. -1.
OGLE-LMC-RRLYR-23205 0.4999638 0.3721673 -1. -1. -1. -1.
OGLE-LMC-RRLYR-23207 0.4636656 0.3445614 -1. -1. -1. -1.
OGLE-LMC-RRLYR-23227 0.4924565 0.3669081 -1. -1. -1. -1.
OGLE-LMC-RRLYR-23229 0.4794654 0.3568463 -1. -1. -1. -1.
OGLE-LMC-RRLYR-23232 0.4801953 0.3574686 -1. -1. -1. -1.
OGLE-LMC-RRLYR-23241 0.4829448 0.3594528 -1. -1. -1. -1.
OGLE-LMC-RRLYR-23298 0.4827749 0.3593222 -1. -1. -1. -1.
OGLE-LMC-RRLYR-23332 0.4721166 0.3509469 -1. -1. -1. -1.
OGLE-LMC-RRLYR-23336 0.5055854 0.3765838 -1. -1. -1. -1.
OGLE-LMC-RRLYR-23343 0.4919474 0.3662969 -1. -1. -1. -1.
OGLE-LMC-RRLYR-23348 0.5220409 0.3890813 -1. -1. -1. -1.
OGLE-LMC-RRLYR-23351 0.4826669 0.3591329 -1. -1. -1. -1.
OGLE-LMC-RRLYR-23381 0.4779522 0.3557467 -1. -1. -1. -1.
OGLE-LMC-RRLYR-23383 0.4804490 0.3573421 -1. -1. -1. -1.
OGLE-LMC-RRLYR-23395 0.4969686 0.3702524 -1. -1. -1. -1.
OGLE-LMC-RRLYR-23404 0.4886528 0.3637092 -1. -1. -1. -1.
OGLE-LMC-RRLYR-23409 0.5007685 0.3730778 -1. -1. -1. -1.
OGLE-LMC-RRLYR-23425 0.4646227 0.3452076 -1. -1. -1. -1.
OGLE-LMC-RRLYR-23473 0.5104055 0.3807515 -1. -1. -1. -1.
OGLE-LMC-RRLYR-23477 0.4916280 0.3668577 -1. -1. -1. -1.
OGLE-LMC-RRLYR-23478 0.5110088 0.3808164 -1. -1. -1. -1.
OGLE-LMC-RRLYR-23497 0.4641925 0.3448349 -1. -1. -1. -1.
OGLE-LMC-RRLYR-23503 0.4728480 0.3518528 -1. -1. -1. -1.
OGLE-LMC-RRLYR-23511 0.4680688 0.3480592 -1. -1. -1. -1.
OGLE-LMC-RRLYR-23518 0.4791071 0.3566919 -1. -1. -1. -1.
OGLE-LMC-RRLYR-23546 0.4790075 0.3565592 -1. -1. -1. -1.
OGLE-LMC-RRLYR-23567 0.5052959 0.3769102 -1. -1. -1. -1.
OGLE-LMC-RRLYR-23571 0.4780219 0.3555419 -1. -1. -1. -1.
OGLE-LMC-RRLYR-23578 0.5183661 0.3864293 -1. -1. -1. -1.
OGLE-LMC-RRLYR-23595 0.4829937 0.3594863 -1. -1. -1. -1.
OGLE-LMC-RRLYR-23618 0.4659050 0.3463813 -1. -1. -1. -1.
OGLE-LMC-RRLYR-23619 0.4889283 0.3636819 -1. -1. -1. -1.
OGLE-LMC-RRLYR-23636 0.4817378 0.3584120 -1. -1. -1. -1.
OGLE-LMC-RRLYR-23655 0.4724096 0.3516131 -1. -1. -1. -1.
OGLE-LMC-RRLYR-23695 0.4809804 0.3580012 -1. -1. -1. -1.
OGLE-LMC-RRLYR-23726 0.4602562 0.3416440 -1. -1. -1. -1.
OGLE-LMC-RRLYR-23729 0.5367522 0.4006895 -1. -1. -1. -1.
OGLE-LMC-RRLYR-23758 0.5301347 0.3952957 -1. -1. -1. -1.
OGLE-LMC-RRLYR-23764 0.4780041 0.3555976 -1. -1. -1. -1.
OGLE-LMC-RRLYR-23776 0.4693862 0.3490190 -1. -1. -1. -1.
OGLE-LMC-RRLYR-23787 0.5370549 0.3989394 -1. -1. -1. -1.
OGLE-LMC-RRLYR-23788 0.4713717 0.3506022 -1. -1. -1. -1.
OGLE-LMC-RRLYR-23791 0.4670789 0.3471347 -1. -1. -1. -1.
OGLE-LMC-RRLYR-23793 0.4838916 0.3601194 -1. -1. -1. -1.
OGLE-LMC-RRLYR-23798 0.4974365 0.3704722 -1. -1. -1. -1.
OGLE-LMC-RRLYR-23875 0.4936114 0.3676152 -1. -1. -1. -1.
OGLE-LMC-RRLYR-23878 0.4887705 0.3637335 -1. -1. -1. -1.
OGLE-LMC-RRLYR-23883 0.4851830 0.3611179 -1. -1. -1. -1.
OGLE-LMC-RRLYR-23884 0.5111804 0.3811318 -1. -1. -1. -1.
OGLE-LMC-RRLYR-23889 0.4818231 0.3585568 -1. -1. -1. -1.
OGLE-LMC-RRLYR-23905 0.5111664 0.3810670 -1. -1. -1. -1.
OGLE-LMC-RRLYR-23921 0.4820874 0.3590935 -1. -1. -1. -1.
OGLE-LMC-RRLYR-23934 0.5410920 0.4037571 -1. -1. -1. -1.
OGLE-LMC-RRLYR-23940 0.5169660 0.3853661 -1. -1. -1. -1.
OGLE-LMC-RRLYR-23946 0.5172833 0.3856436 -1. -1. -1. -1.
OGLE-LMC-RRLYR-23955 0.4969761 0.3700690 -1. -1. -1. -1.
OGLE-LMC-RRLYR-23973 0.5080155 0.3788521 -1. -1. -1. -1.
OGLE-LMC-RRLYR-23977 0.4807040 0.3578522 -1. -1. -1. -1.
OGLE-LMC-RRLYR-23988 0.5252820 0.3919471 -1. -1. -1. -1.
OGLE-LMC-RRLYR-24000 0.4832469 0.3596511 -1. -1. -1. -1.
OGLE-LMC-RRLYR-24015 0.4724005 0.3511099 -1. -1. -1. -1.
OGLE-LMC-RRLYR-24019 0.4756466 0.3539500 -1. -1. -1. -1.
OGLE-LMC-RRLYR-24050 0.4984974 0.3709242 -1. -1. -1. -1.
OGLE-LMC-RRLYR-24059 0.4671690 0.3474774 -1. -1. -1. -1.
OGLE-LMC-RRLYR-24069 0.4700060 0.3494801 -1. -1. -1. -1.
OGLE-LMC-RRLYR-24085 0.4781706 0.3557654 -1. -1. -1. -1.
OGLE-LMC-RRLYR-24089 0.4787535 0.3564986 -1. -1. -1. -1.
OGLE-LMC-RRLYR-24097 0.4798765 0.3573388 -1. -1. -1. -1.
OGLE-LMC-RRLYR-24098 0.4737836 0.3523010 -1. -1. -1. -1.
OGLE-LMC-RRLYR-24136 0.5438575 0.4055173 -1. -1. -1. -1.
OGLE-LMC-RRLYR-24137 0.5083001 0.3784785 -1. -1. -1. -1.
OGLE-LMC-RRLYR-24140 0.5209186 0.3885458 -1. -1. -1. -1.
OGLE-LMC-RRLYR-24155 0.4765960 0.3546735 -1. -1. -1. -1.
OGLE-LMC-RRLYR-24163 0.4755409 0.3539360 -1. -1. -1. -1.
OGLE-LMC-RRLYR-24182 0.4735307 0.3523671 -1. -1. -1. -1.
OGLE-LMC-RRLYR-24206 0.4610748 0.3427609 -1. -1. -1. -1.
OGLE-LMC-RRLYR-24213 0.4697493 0.3493396 -1. -1. -1. -1.
OGLE-LMC-RRLYR-24261 0.4635841 0.3445240 -1. -1. -1. -1.
OGLE-LMC-RRLYR-24262 0.5335182 0.3982156 -1. -1. -1. -1.
OGLE-LMC-RRLYR-24267 0.4685469 0.3485184 -1. -1. -1. -1.
OGLE-LMC-RRLYR-24296 0.4706909 0.3500578 -1. -1. -1. -1.
OGLE-LMC-RRLYR-24304 0.4739966 0.3524449 -1. -1. -1. -1.
OGLE-LMC-RRLYR-24334 0.4990891 0.3718240 -1. -1. -1. -1.
OGLE-LMC-RRLYR-24352 0.5056900 0.3771441 -1. -1. -1. -1.
OGLE-LMC-RRLYR-24367 0.4760471 0.3543252 -1. -1. -1. -1.
OGLE-LMC-RRLYR-24369 0.5131686 0.3826300 -1. -1. -1. -1.
OGLE-LMC-RRLYR-24406 0.5082946 0.3786789 -1. -1. -1. -1.
OGLE-LMC-RRLYR-24425 0.4849629 0.3610637 -1. -1. -1. -1.
OGLE-LMC-RRLYR-24444 0.5096512 0.3793286 -1. -1. -1. -1.
OGLE-LMC-RRLYR-24446 0.5156042 0.3845868 -1. -1. -1. -1.
OGLE-LMC-RRLYR-24464 0.4983061 0.3712041 -1. -1. -1. -1.
OGLE-LMC-RRLYR-24478 0.5021413 0.3741143 -1. -1. -1. -1.
OGLE-LMC-RRLYR-24502 0.4837302 0.3599722 -1. -1. -1. -1.
OGLE-LMC-RRLYR-24544 0.4744469 0.3528859 -1. -1. -1. -1.
OGLE-LMC-RRLYR-24558 0.5031093 0.3744684 -1. -1. -1. -1.
OGLE-LMC-RRLYR-24581 0.4863285 0.3621251 -1. -1. -1. -1.
OGLE-LMC-RRLYR-24588 0.4763592 0.3546407 -1. -1. -1. -1.
OGLE-LMC-RRLYR-24654 0.5047975 0.3759005 -1. -1. -1. -1.
OGLE-LMC-RRLYR-24749 0.4667300 0.3470414 -1. -1. -1. -1.
OGLE-LMC-RRLYR-24752 0.5176273 0.3857591 -1. -1. -1. -1.
OGLE-LMC-RRLYR-24759 0.4848889 0.3606888 -1. -1. -1. -1.
OGLE-LMC-RRLYR-24768 0.4773664 0.3551806 -1. -1. -1. -1.
OGLE-LMC-RRLYR-24784 0.4801686 0.3574831 -1. -1. -1. -1.
OGLE-LMC-RRLYR-24788 0.4793406 0.3569367 -1. -1. -1. -1.
OGLE-LMC-RRLYR-24810 0.4838986 0.3602435 -1. -1. -1. -1.
OGLE-LMC-RRLYR-24848 0.4902061 0.3649984 -1. -1. -1. -1.
OGLE-LMC-RRLYR-24850 0.5212093 0.3889030 -1. -1. -1. -1.
OGLE-LMC-RRLYR-24853 0.4863449 0.3619893 -1. -1. -1. -1.
OGLE-LMC-RRLYR-24858 0.4893306 0.3640382 -1. -1. -1. -1.
OGLE-LMC-RRLYR-24862 0.4888421 0.3642214 -1. -1. -1. -1.
OGLE-LMC-RRLYR-24867 0.4979601 0.3713925 -1. -1. -1. -1.
OGLE-LMC-RRLYR-24883 0.4817516 0.3585227 -1. -1. -1. -1.
OGLE-SMC-RRLYR-0004 0.5020496 0.3742094 -1. -1. -1. -1.
OGLE-SMC-RRLYR-0017 0.5431947 0.4050942 -1. -1. -1. -1.
OGLE-SMC-RRLYR-0024 0.4924334 0.3665898 -1. -1. -1. -1.
OGLE-SMC-RRLYR-0037 0.5284773 0.3938831 -1. -1. -1. -1.
OGLE-SMC-RRLYR-0055 0.4844453 0.3605193 -1. -1. -1. -1.
OGLE-SMC-RRLYR-0061 0.4970648 0.3703765 -1. -1. -1. -1.
OGLE-SMC-RRLYR-0065 0.4916074 0.3658696 -1. -1. -1. -1.
OGLE-SMC-RRLYR-0070 0.5273299 0.3931453 -1. -1. -1. -1.
OGLE-SMC-RRLYR-0071 0.5611673 0.4187297 -1. -1. -1. -1.
OGLE-SMC-RRLYR-0073 0.5140423 0.3833612 -1. -1. -1. -1.
OGLE-SMC-RRLYR-0074 0.5077905 0.3787901 -1. -1. -1. -1.
OGLE-SMC-RRLYR-0091 0.5623572 0.4198641 -1. -1. -1. -1.
OGLE-SMC-RRLYR-0105 0.4990592 0.3716908 -1. -1. -1. -1.
OGLE-SMC-RRLYR-0106 0.5294182 0.3944776 -1. -1. -1. -1.
OGLE-SMC-RRLYR-0118 0.4786717 0.3560739 -1. -1. -1. -1.
OGLE-SMC-RRLYR-0131 0.5118154 0.3814584 -1. -1. -1. -1.
OGLE-SMC-RRLYR-0156 0.5132860 0.3829481 -1. -1. -1. -1.
OGLE-SMC-RRLYR-0162 0.5117714 0.3810384 -1. -1. -1. -1.
OGLE-SMC-RRLYR-0168 0.4905542 0.3651109 -1. -1. -1. -1.
OGLE-SMC-RRLYR-0169 0.5331184 0.3960887 -1. -1. -1. -1.
OGLE-SMC-RRLYR-0179 0.5059414 0.3767928 -1. -1. -1. -1.
OGLE-SMC-RRLYR-0180 0.5030948 0.3751763 -1. -1. -1. -1.
OGLE-SMC-RRLYR-0185 0.5079497 0.3788304 -1. -1. -1. -1.
OGLE-SMC-RRLYR-0187 0.5615295 0.4189366 -1. -1. -1. -1.
OGLE-SMC-RRLYR-0204 0.5583520 0.4169285 -1. -1. -1. -1.
OGLE-SMC-RRLYR-0208 0.5632560 0.4203825 -1. -1. -1. -1.
OGLE-SMC-RRLYR-0215 0.4933586 0.3676304 -1. -1. -1. -1.
OGLE-SMC-RRLYR-0222 0.4811817 0.3583366 -1. -1. -1. -1.
OGLE-SMC-RRLYR-0231 0.4856910 0.3616065 -1. -1. -1. -1.
OGLE-SMC-RRLYR-0253 0.5011697 0.3732349 -1. -1. -1. -1.
OGLE-SMC-RRLYR-0280 0.5210626 0.3887300 -1. -1. -1. -1.
OGLE-SMC-RRLYR-0292 0.5114256 0.3816845 -1. -1. -1. -1.
OGLE-SMC-RRLYR-0293 0.4919418 0.3667116 -1. -1. -1. -1.
OGLE-SMC-RRLYR-0302 0.4890062 0.3640003 -1. -1. -1. -1.
OGLE-SMC-RRLYR-0331 0.5007357 0.3729633 -1. -1. -1. -1.
OGLE-SMC-RRLYR-0333 0.5600157 0.4184114 -1. -1. -1. -1.
OGLE-SMC-RRLYR-0357 0.4559023 0.3393465 -1. -1. -1. -1.
OGLE-SMC-RRLYR-0379 0.4953982 0.3692045 -1. -1. -1. -1.
OGLE-SMC-RRLYR-0381 0.4790111 0.3566396 -1. -1. -1. -1.
OGLE-SMC-RRLYR-0384 0.5614885 0.4191951 -1. -1. -1. -1.
OGLE-SMC-RRLYR-0397 0.4859762 0.3617929 -1. -1. -1. -1.
OGLE-SMC-RRLYR-0411 0.5003975 0.3729940 -1. -1. -1. -1.
OGLE-SMC-RRLYR-0417 0.5294799 0.3947147 -1. -1. -1. -1.
OGLE-SMC-RRLYR-0436 0.5873050 0.4381258 -1. -1. -1. -1.
OGLE-SMC-RRLYR-0439 0.4893409 0.3642072 -1. -1. -1. -1.
OGLE-SMC-RRLYR-0443 0.5204099 0.3884602 -1. -1. -1. -1.
OGLE-SMC-RRLYR-0449 0.4948463 0.3686598 -1. -1. -1. -1.
OGLE-SMC-RRLYR-0460 0.5182972 0.3864535 -1. -1. -1. -1.
OGLE-SMC-RRLYR-0461 0.5095494 0.3800421 -1. -1. -1. -1.
OGLE-SMC-RRLYR-0482 0.4816372 0.3585587 -1. -1. -1. -1.
OGLE-SMC-RRLYR-0486 0.5504627 0.4108967 -1. -1. -1. -1.
OGLE-SMC-RRLYR-0491 0.5610911 0.4191434 -1. -1. -1. -1.
OGLE-SMC-RRLYR-0503 0.4880811 0.3637699 -1. -1. -1. -1.
OGLE-SMC-RRLYR-0504 0.5186803 0.3865708 -1. -1. -1. -1.
OGLE-SMC-RRLYR-0507 0.5324463 0.3972344 -1. -1. -1. -1.
OGLE-SMC-RRLYR-0512 0.5203237 0.3880234 -1. -1. -1. -1.
OGLE-SMC-RRLYR-0548 0.4938657 0.3677398 -1. -1. -1. -1.
OGLE-SMC-RRLYR-0553 0.5109202 0.3803885 -1. -1. -1. -1.
OGLE-SMC-RRLYR-0571 0.4931596 0.3674166 -1. -1. -1. -1.
OGLE-SMC-RRLYR-0585 0.5033186 0.3753436 -1. -1. -1. -1.
OGLE-SMC-RRLYR-0590 0.5207721 0.3877757 -1. -1. -1. -1.
OGLE-SMC-RRLYR-0597 0.4995624 0.3719472 -1. -1. -1. -1.
OGLE-SMC-RRLYR-0602 0.5090591 0.3794965 -1. -1. -1. -1.
OGLE-SMC-RRLYR-0622 0.4974327 0.3701234 -1. -1. -1. -1.
OGLE-SMC-RRLYR-0628 0.5339903 0.3985195 -1. -1. -1. -1.
OGLE-SMC-RRLYR-0634 0.4891204 0.3642186 -1. -1. -1. -1.
OGLE-SMC-RRLYR-0635 0.5088439 0.3789236 -1. -1. -1. -1.
OGLE-SMC-RRLYR-0641 0.5287651 0.3947300 -1. -1. -1. -1.
OGLE-SMC-RRLYR-0645 0.5638896 0.4210068 -1. -1. -1. -1.
OGLE-SMC-RRLYR-0646 0.5089137 0.3792920 -1. -1. -1. -1.
OGLE-SMC-RRLYR-0648 0.4961638 0.3692601 -1. -1. -1. -1.
OGLE-SMC-RRLYR-0653 0.4887138 0.3641028 -1. -1. -1. -1.
OGLE-SMC-RRLYR-0655 0.5320375 0.3965141 -1. -1. -1. -1.
OGLE-SMC-RRLYR-0657 0.5696614 0.4247835 -1. -1. -1. -1.
OGLE-SMC-RRLYR-0659 0.4968215 0.3702808 -1. -1. -1. -1.
OGLE-SMC-RRLYR-0664 0.5173936 0.3858944 -1. -1. -1. -1.
OGLE-SMC-RRLYR-0678 0.5083726 0.3790964 -1. -1. -1. -1.
OGLE-SMC-RRLYR-0682 0.4767517 0.3548968 -1. -1. -1. -1.
OGLE-SMC-RRLYR-0688 0.5234528 0.3902976 -1. -1. -1. -1.
OGLE-SMC-RRLYR-0690 0.4825100 0.3593199 -1. -1. -1. -1.
OGLE-SMC-RRLYR-0716 0.5667905 0.4232044 -1. -1. -1. -1.
OGLE-SMC-RRLYR-0729 0.5238455 0.3904673 -1. -1. -1. -1.
OGLE-SMC-RRLYR-0737 0.4867520 0.3627311 -1. -1. -1. -1.
OGLE-SMC-RRLYR-0739 0.5309925 0.3963348 -1. -1. -1. -1.
OGLE-SMC-RRLYR-0753 0.4897326 0.3645933 -1. -1. -1. -1.
OGLE-SMC-RRLYR-0756 0.4801224 0.3572222 -1. -1. -1. -1.
OGLE-SMC-RRLYR-0762 0.4971427 0.3705210 -1. -1. -1. -1.
OGLE-SMC-RRLYR-0766 0.4992397 0.3723178 -1. -1. -1. -1.
OGLE-SMC-RRLYR-0768 0.5155449 0.3842495 -1. -1. -1. -1.
OGLE-SMC-RRLYR-0777 0.5028900 0.3749648 -1. -1. -1. -1.
OGLE-SMC-RRLYR-0780 0.4781767 0.3558328 -1. -1. -1. -1.
OGLE-SMC-RRLYR-0830 0.4839961 0.3603442 -1. -1. -1. -1.
OGLE-SMC-RRLYR-0838 0.5101889 0.3798864 -1. -1. -1. -1.
OGLE-SMC-RRLYR-0846 0.5300411 0.3957491 -1. -1. -1. -1.
OGLE-SMC-RRLYR-0873 0.4938608 0.3679017 -1. -1. -1. -1.
OGLE-SMC-RRLYR-0916 0.5406785 0.4028018 -1. -1. -1. -1.
OGLE-SMC-RRLYR-0918 0.5191347 0.3874697 -1. -1. -1. -1.
OGLE-SMC-RRLYR-0945 0.4891275 0.3644089 -1. -1. -1. -1.
OGLE-SMC-RRLYR-0949 0.5024447 0.3745851 -1. -1. -1. -1.
OGLE-SMC-RRLYR-0956 0.5307160 0.3956412 -1. -1. -1. -1.
OGLE-SMC-RRLYR-0989 0.4850102 0.3613804 -1. -1. -1. -1.
OGLE-SMC-RRLYR-1002 0.4734530 0.3522687 -1. -1. -1. -1.
OGLE-SMC-RRLYR-1003 0.5672730 0.4236617 -1. -1. -1. -1.
OGLE-SMC-RRLYR-1010 0.4927860 0.3668830 -1. -1. -1. -1.
OGLE-SMC-RRLYR-1028 0.5643465 0.4212233 -1. -1. -1. -1.
OGLE-SMC-RRLYR-1031 0.5710932 0.4260742 -1. -1. -1. -1.
OGLE-SMC-RRLYR-1060 0.4886400 0.3636158 -1. -1. -1. -1.
OGLE-SMC-RRLYR-1061 0.5131036 0.3824509 -1. -1. -1. -1.
OGLE-SMC-RRLYR-1064 0.4902683 0.3649134 -1. -1. -1. -1.
OGLE-SMC-RRLYR-1072 0.4835555 0.3598083 -1. -1. -1. -1.
OGLE-SMC-RRLYR-1092 0.5017356 0.3738579 -1. -1. -1. -1.
OGLE-SMC-RRLYR-1096 0.5121562 0.3816376 -1. -1. -1. -1.
OGLE-SMC-RRLYR-1101 0.5028932 0.3743848 -1. -1. -1. -1.
OGLE-SMC-RRLYR-1112 0.5825330 0.4350943 -1. -1. -1. -1.
OGLE-SMC-RRLYR-1113 0.4837221 0.3603112 -1. -1. -1. -1.
OGLE-SMC-RRLYR-1131 0.4999719 0.3727144 -1. -1. -1. -1.
OGLE-SMC-RRLYR-1138 0.4959808 0.3693457 -1. -1. -1. -1.
OGLE-SMC-RRLYR-1139 0.5456747 0.4073865 -1. -1. -1. -1.
OGLE-SMC-RRLYR-1143 0.5084344 0.3786401 -1. -1. -1. -1.
OGLE-SMC-RRLYR-1148 0.5598697 0.4180070 -1. -1. -1. -1.
OGLE-SMC-RRLYR-1160 0.5654882 0.4223132 -1. -1. -1. -1.
OGLE-SMC-RRLYR-1169 0.5026791 0.3741778 -1. -1. -1. -1.
OGLE-SMC-RRLYR-1177 0.5244199 0.3914340 -1. -1. -1. -1.
OGLE-SMC-RRLYR-1189 0.5005616 0.3729671 -1. -1. -1. -1.
OGLE-SMC-RRLYR-1191 0.4859339 0.3618355 -1. -1. -1. -1.
OGLE-SMC-RRLYR-1196 0.5556980 0.4148837 -1. -1. -1. -1.
OGLE-SMC-RRLYR-1198 0.5803664 0.4323357 -1. -1. -1. -1.
OGLE-SMC-RRLYR-1213 0.5066871 0.3771899 -1. -1. -1. -1.
OGLE-SMC-RRLYR-1236 0.5102134 0.3801939 -1. -1. -1. -1.
OGLE-SMC-RRLYR-1237 0.5028159 0.3747693 -1. -1. -1. -1.
OGLE-SMC-RRLYR-1243 0.5161077 0.3850493 -1. -1. -1. -1.
OGLE-SMC-RRLYR-1248 0.4844661 0.3608009 -1. -1. -1. -1.
OGLE-SMC-RRLYR-1259 0.4883090 0.3637693 -1. -1. -1. -1.
OGLE-SMC-RRLYR-1262 0.5198722 0.3880073 -1. -1. -1. -1.
OGLE-SMC-RRLYR-1269 0.5010746 0.3731448 -1. -1. -1. -1.
OGLE-SMC-RRLYR-1281 0.5076379 0.3786124 -1. -1. -1. -1.
OGLE-SMC-RRLYR-1288 0.4911094 0.3658641 -1. -1. -1. -1.
OGLE-SMC-RRLYR-1314 0.4922075 0.3666899 -1. -1. -1. -1.
OGLE-SMC-RRLYR-1328 0.4894698 0.3645922 -1. -1. -1. -1.
OGLE-SMC-RRLYR-1331 0.5106148 0.3803165 -1. -1. -1. -1.
OGLE-SMC-RRLYR-1332 0.5734062 0.4274049 -1. -1. -1. -1.
OGLE-SMC-RRLYR-1337 0.4894373 0.3643127 -1. -1. -1. -1.
OGLE-SMC-RRLYR-1343 0.5261404 0.3923058 -1. -1. -1. -1.
OGLE-SMC-RRLYR-1349 0.5054854 0.3764725 -1. -1. -1. -1.
OGLE-SMC-RRLYR-1375 0.4938735 0.3679268 -1. -1. -1. -1.
OGLE-SMC-RRLYR-1387 0.5090448 0.3797271 -1. -1. -1. -1.
OGLE-SMC-RRLYR-1425 0.5259096 0.3922927 -1. -1. -1. -1.
OGLE-SMC-RRLYR-1482 0.5313275 0.3961310 -1. -1. -1. -1.
OGLE-SMC-RRLYR-1488 0.5050858 0.3765923 -1. -1. -1. -1.
OGLE-SMC-RRLYR-1520 0.5790212 0.4320138 -1. -1. -1. -1.
OGLE-SMC-RRLYR-1525 0.4838626 0.3604524 -1. -1. -1. -1.
OGLE-SMC-RRLYR-1526 0.5019761 0.3739115 -1. -1. -1. -1.
OGLE-SMC-RRLYR-1540 0.4980798 0.3707745 -1. -1. -1. -1.
OGLE-SMC-RRLYR-1542 0.5598635 0.4179159 -1. -1. -1. -1.
OGLE-SMC-RRLYR-1545 0.4807706 0.3580254 -1. -1. -1. -1.
OGLE-SMC-RRLYR-1555 0.4990518 0.3719175 -1. -1. -1. -1.
OGLE-SMC-RRLYR-1560 0.5162591 0.3843426 -1. -1. -1. -1.
OGLE-SMC-RRLYR-1565 0.4920806 0.3664493 -1. -1. -1. -1.
OGLE-SMC-RRLYR-1567 0.4934821 0.3677080 -1. -1. -1. -1.
OGLE-SMC-RRLYR-1588 0.5846419 0.4367419 -1. -1. -1. -1.
OGLE-SMC-RRLYR-1605 0.5128980 0.3823759 -1. -1. -1. -1.
OGLE-SMC-RRLYR-1614 0.4955718 0.3690902 -1. -1. -1. -1.
OGLE-SMC-RRLYR-1624 0.4979994 0.3712368 -1. -1. -1. -1.
OGLE-SMC-RRLYR-1629 0.4625654 0.3432463 -1. -1. -1. -1.
OGLE-SMC-RRLYR-1633 0.4968197 0.3701020 -1. -1. -1. -1.
OGLE-SMC-RRLYR-1634 0.5113291 0.3810423 -1. -1. -1. -1.
OGLE-SMC-RRLYR-1640 0.5611244 0.4190347 -1. -1. -1. -1.
OGLE-SMC-RRLYR-1645 0.4979555 0.3708690 -1. -1. -1. -1.
OGLE-SMC-RRLYR-1653 0.4914739 0.3656709 -1. -1. -1. -1.
OGLE-SMC-RRLYR-1695 0.5027676 0.3745492 -1. -1. -1. -1.
OGLE-SMC-RRLYR-1703 0.4965414 0.3701231 -1. -1. -1. -1.
OGLE-SMC-RRLYR-1704 0.5195973 0.3873016 -1. -1. -1. -1.
OGLE-SMC-RRLYR-1705 0.5016143 0.3737218 -1. -1. -1. -1.
OGLE-SMC-RRLYR-1706 0.4983618 0.3711321 -1. -1. -1. -1.
OGLE-SMC-RRLYR-1708 0.4848329 0.3611599 -1. -1. -1. -1.
OGLE-SMC-RRLYR-1715 0.4913722 0.3662313 -1. -1. -1. -1.
OGLE-SMC-RRLYR-1720 0.4954289 0.3691017 -1. -1. -1. -1.
OGLE-SMC-RRLYR-1723 0.5318698 0.3965769 -1. -1. -1. -1.
OGLE-SMC-RRLYR-1736 0.5167075 0.3854242 -1. -1. -1. -1.
OGLE-SMC-RRLYR-1745 0.4894162 0.3645568 -1. -1. -1. -1.
OGLE-SMC-RRLYR-1752 0.4899624 0.3651272 -1. -1. -1. -1.
OGLE-SMC-RRLYR-1754 0.5378599 0.4013746 -1. -1. -1. -1.
OGLE-SMC-RRLYR-1762 0.4968115 0.3705376 -1. -1. -1. -1.
OGLE-SMC-RRLYR-1765 0.4960398 0.3696598 -1. -1. -1. -1.
OGLE-SMC-RRLYR-1774 0.5053760 0.3767539 -1. -1. -1. -1.
OGLE-SMC-RRLYR-1788 0.5069599 0.3780620 -1. -1. -1. -1.
OGLE-SMC-RRLYR-1823 0.4809776 0.3580090 -1. -1. -1. -1.
OGLE-SMC-RRLYR-1833 0.4917415 0.3659082 -1. -1. -1. -1.
OGLE-SMC-RRLYR-1851 0.5151481 0.3836501 -1. -1. -1. -1.
OGLE-SMC-RRLYR-1853 0.4217283 0.3123789 -1. -1. -1. -1.
OGLE-SMC-RRLYR-1871 0.4954469 0.3689242 -1. -1. -1. -1.
OGLE-SMC-RRLYR-1874 0.5319944 0.3964433 -1. -1. -1. -1.
OGLE-SMC-RRLYR-1878 0.4890520 0.3646436 -1. -1. -1. -1.
OGLE-SMC-RRLYR-1881 0.4887645 0.3641244 -1. -1. -1. -1.
OGLE-SMC-RRLYR-1896 0.4836851 0.3599748 -1. -1. -1. -1.
OGLE-SMC-RRLYR-1912 0.5407617 0.4031625 -1. -1. -1. -1.
OGLE-SMC-RRLYR-1920 0.4877425 0.3634260 -1. -1. -1. -1.
OGLE-SMC-RRLYR-1935 0.4953737 0.3691128 -1. -1. -1. -1.
OGLE-SMC-RRLYR-1936 0.4982849 0.3708397 -1. -1. -1. -1.
OGLE-SMC-RRLYR-1938 0.5045084 0.3759299 -1. -1. -1. -1.
OGLE-SMC-RRLYR-1940 0.4921122 0.3667509 -1. -1. -1. -1.
OGLE-SMC-RRLYR-1945 0.4764559 0.3550098 -1. -1. -1. -1.
OGLE-SMC-RRLYR-1954 0.5143673 0.3838548 -1. -1. -1. -1.
OGLE-SMC-RRLYR-1965 0.4951482 0.3689458 -1. -1. -1. -1.
OGLE-SMC-RRLYR-1966 0.5080203 0.3784811 -1. -1. -1. -1.
OGLE-SMC-RRLYR-1976 0.5035475 0.3756163 -1. -1. -1. -1.
OGLE-SMC-RRLYR-1985 0.5075021 0.3781335 -1. -1. -1. -1.
OGLE-SMC-RRLYR-2011 0.4981007 0.3713459 -1. -1. -1. -1.
OGLE-SMC-RRLYR-2019 0.4923663 0.3667266 -1. -1. -1. -1.
OGLE-SMC-RRLYR-2026 0.5578285 0.4162804 -1. -1. -1. -1.
OGLE-SMC-RRLYR-2028 0.4805551 0.3574433 -1. -1. -1. -1.
OGLE-SMC-RRLYR-2039 0.4848418 0.3609514 -1. -1. -1. -1.
OGLE-SMC-RRLYR-2057 0.5537694 0.4137148 -1. -1. -1. -1.
OGLE-SMC-RRLYR-2091 0.5165349 0.3854618 -1. -1. -1. -1.
OGLE-SMC-RRLYR-2100 0.4840133 0.3603648 -1. -1. -1. -1.
OGLE-SMC-RRLYR-2105 0.5173996 0.3859200 -1. -1. -1. -1.
OGLE-SMC-RRLYR-2106 0.4837200 0.3604408 -1. -1. -1. -1.
OGLE-SMC-RRLYR-2124 0.5109164 0.3807315 -1. -1. -1. -1.
OGLE-SMC-RRLYR-2131 0.4831498 0.3599897 -1. -1. -1. -1.
OGLE-SMC-RRLYR-2136 0.4919319 0.3665706 -1. -1. -1. -1.
OGLE-SMC-RRLYR-2155 0.5206528 0.3883145 -1. -1. -1. -1.
OGLE-SMC-RRLYR-2158 0.4881283 0.3634458 -1. -1. -1. -1.
OGLE-SMC-RRLYR-2167 0.5072250 0.3781162 -1. -1. -1. -1.
OGLE-SMC-RRLYR-2172 0.4931019 0.3673131 -1. -1. -1. -1.
OGLE-SMC-RRLYR-2185 0.4911280 0.3659500 -1. -1. -1. -1.
OGLE-SMC-RRLYR-2193 0.5567237 0.4156522 -1. -1. -1. -1.
OGLE-SMC-RRLYR-2211 0.5381869 0.4018543 -1. -1. -1. -1.
OGLE-SMC-RRLYR-2214 0.4941858 0.3681538 -1. -1. -1. -1.
OGLE-SMC-RRLYR-2244 0.4899424 0.3654622 -1. -1. -1. -1.
OGLE-SMC-RRLYR-2246 0.5230951 0.3900480 -1. -1. -1. -1.
OGLE-SMC-RRLYR-2247 0.5491723 0.4095937 -1. -1. -1. -1.
OGLE-SMC-RRLYR-2248 0.4997937 0.3719417 -1. -1. -1. -1.
OGLE-SMC-RRLYR-2253 0.4981652 0.3710226 -1. -1. -1. -1.
OGLE-SMC-RRLYR-2255 0.4920794 0.3664674 -1. -1. -1. -1.
OGLE-SMC-RRLYR-2257 0.4857171 0.3619980 -1. -1. -1. -1.
OGLE-SMC-RRLYR-2263 0.4906257 0.3652883 -1. -1. -1. -1.
OGLE-SMC-RRLYR-2271 0.5226748 0.3899465 -1. -1. -1. -1.
OGLE-SMC-RRLYR-2283 0.5079440 0.3790033 -1. -1. -1. -1.
OGLE-SMC-RRLYR-2287 0.5657957 0.4224326 -1. -1. -1. -1.
OGLE-SMC-RRLYR-2296 0.4925654 0.3672646 -1. -1. -1. -1.
OGLE-SMC-RRLYR-2301 0.4898443 0.3646796 -1. -1. -1. -1.
OGLE-SMC-RRLYR-2304 0.4961902 0.3695279 -1. -1. -1. -1.
OGLE-SMC-RRLYR-2312 0.4965905 0.3696985 -1. -1. -1. -1.
OGLE-SMC-RRLYR-2321 0.5007060 0.3734037 -1. -1. -1. -1.
OGLE-SMC-RRLYR-2342 0.5377395 0.4013865 -1. -1. -1. -1.
OGLE-SMC-RRLYR-2343 0.5312872 0.3958362 -1. -1. -1. -1.
OGLE-SMC-RRLYR-2358 0.5622028 0.4196599 -1. -1. -1. -1.
OGLE-SMC-RRLYR-2370 0.4784112 0.3562243 -1. -1. -1. -1.
OGLE-SMC-RRLYR-2391 0.5322047 0.3971454 -1. -1. -1. -1.
OGLE-SMC-RRLYR-2397 0.5234473 0.3906237 -1. -1. -1. -1.
OGLE-SMC-RRLYR-2419 0.5265835 0.3921647 -1. -1. -1. -1.
OGLE-SMC-RRLYR-2420 0.4887270 0.3639892 -1. -1. -1. -1.
OGLE-SMC-RRLYR-2429 0.5220628 0.3893906 -1. -1. -1. -1.
OGLE-SMC-RRLYR-2443 0.5078080 0.3787689 -1. -1. -1. -1.
OGLE-SMC-RRLYR-2449 0.5463855 0.4077828 -1. -1. -1. -1.
OGLE-SMC-RRLYR-2455 0.5618840 0.4196045 -1. -1. -1. -1.
OGLE-SMC-RRLYR-2457 0.4966020 0.3698364 -1. -1. -1. -1.
OGLE-SMC-RRLYR-2464 0.4931862 0.3672592 -1. -1. -1. -1.
OGLE-BLG-RRLYR-00039 0.48137703 0.35827941 -1. -1. -1. -1.
OGLE-BLG-RRLYR-00319 0.51266681 0.38232126 -1. -1. -1. -1.
OGLE-BLG-RRLYR-00461 0.40821778 0.30317573 -1. -1. -1. -1.
OGLE-BLG-RRLYR-00661 0.54326832 0.40534639 -1. -1. -1. -1.
OGLE-BLG-RRLYR-00727 0.54158314 0.40404393 -1. -1. -1. -1.
OGLE-BLG-RRLYR-00951 0.54469170 0.39764691 -1. -1. -1. -1.
OGLE-BLG-RRLYR-00971 0.35652317 0.25958939 -1. -1. -1. -1.
OGLE-BLG-RRLYR-00978 0.58180215 0.43356072 -1. -1. -1. -1.
OGLE-BLG-RRLYR-01194 0.51607045 0.38510177 -1. -1. -1. -1.
OGLE-BLG-RRLYR-01275 0.47394850 0.35277834 -1. -1. -1. -1.
OGLE-BLG-RRLYR-01846 0.47340672 0.35230451 -1. -1. -1. -1.
OGLE-BLG-RRLYR-01988 0.43550820 0.32209064 -1. -1. -1. -1.
OGLE-BLG-RRLYR-02018 0.35079088 0.25517919 -1. -1. -1. -1.
OGLE-BLG-RRLYR-02027 0.37989066 0.27861560 -1. -1. -1. -1.
OGLE-BLG-RRLYR-02202 0.46752253 0.34764639 -1. -1. -1. -1.
OGLE-BLG-RRLYR-02530 0.46359201 0.33760316 -1. -1. -1. -1.
OGLE-BLG-RRLYR-02676 0.52980565 0.39493753 -1. -1. -1. -1.
OGLE-BLG-RRLYR-02794 0.38975879 0.28567462 -1. -1. -1. -1.
OGLE-BLG-RRLYR-02862 0.45971363 0.33541050 -1. -1. -1. -1.
OGLE-BLG-RRLYR-02985 0.39873884 0.29037406 -1. -1. -1. -1.
OGLE-BLG-RRLYR-03978 0.46136901 0.34176006 -1. -1. -1. -1.
OGLE-BLG-RRLYR-04254 0.36695727 0.26803736 -1. -1. -1. -1.
OGLE-BLG-RRLYR-04483 0.43922050 0.32489304 -1. -1. -1. -1.
OGLE-BLG-RRLYR-04595 0.43253399 0.31988957 -1. -1. -1. -1.
OGLE-BLG-RRLYR-04598 0.46226277 0.34671323 -1. -1. -1. -1.
OGLE-BLG-RRLYR-05475 0.53082299 0.39644171 -1. -1. -1. -1.
OGLE-BLG-RRLYR-05762 0.46624531 0.34731328 -1. -1. -1. -1.
OGLE-BLG-RRLYR-06283 0.50511791 0.37341528 -1. -1. -1. -1.
OGLE-BLG-RRLYR-06613 0.40050942 0.29500807 -1. -1. -1. -1.
OGLE-BLG-RRLYR-06928 0.50116370 0.37319773 -1. -1. -1. -1.
OGLE-BLG-RRLYR-06974 0.37579017 0.27553868 -1. -1. -1. -1.
OGLE-BLG-RRLYR-07226 0.47495472 0.35363240 -1. -1. -1. -1.
OGLE-BLG-RRLYR-07393 0.46208360 0.34454542 -1. -1. -1. -1.
OGLE-BLG-RRLYR-07451 0.37555400 0.27489267 -1. -1. -1. -1.
OGLE-BLG-RRLYR-07533 0.37591656 0.27560928 -1. -1. -1. -1.
OGLE-BLG-RRLYR-07686 0.46651611 0.34684355 -1. -1. -1. -1.
OGLE-BLG-RRLYR-08461 0.56591913 0.42195041 -1. -1. -1. -1.
OGLE-BLG-RRLYR-08758 0.40167265 0.29601142 -1. -1. -1. -1.
OGLE-BLG-RRLYR-09258 0.37932808 0.27766753 -1. -1. -1. -1.
OGLE-BLG-RRLYR-09284 0.43680754 0.32300384 -1. -1. -1. -1.
OGLE-BLG-RRLYR-09602 0.48158137 0.35851249 -1. -1. -1. -1.
OGLE-BLG-RRLYR-09692 0.44176365 0.32690810 -1. -1. -1. -1.
OGLE-BLG-RRLYR-09742 0.43177753 0.31927311 -1. -1. -1. -1.
OGLE-BLG-RRLYR-09965 0.45976981 0.34413091 -1. -1. -1. -1.
OGLE-BLG-RRLYR-10242 0.44075929 0.32604096 -1. -1. -1. -1.
OGLE-BLG-RRLYR-10369 0.43486158 0.32169480 -1. -1. -1. -1.
OGLE-BLG-RRLYR-10421 0.36033805 0.26253134 -1. -1. -1. -1.
OGLE-BLG-RRLYR-10510 0.50307395 0.37496611 -1. -1. -1. -1.
OGLE-BLG-RRLYR-10641 0.43461795 0.32170537 -1. -1. -1. -1.
OGLE-BLG-RRLYR-10744 0.47811920 0.35576429 -1. -1. -1. -1.
OGLE-BLG-RRLYR-10796 0.43137332 0.31909673 -1. -1. -1. -1.
OGLE-BLG-RRLYR-11008 0.48937935 0.36432766 -1. -1. -1. -1.
OGLE-BLG-RRLYR-11113 0.47798166 0.35548345 -1. -1. -1. -1.
OGLE-BLG-RRLYR-11158 0.44178792 0.32624626 -1. -1. -1. -1.
OGLE-BLG-RRLYR-11234 0.47439818 0.35300450 -1. -1. -1. -1.
OGLE-BLG-RRLYR-11291 0.56574957 0.42113318 -1. -1. -1. -1.
OGLE-BLG-RRLYR-11311 0.46841040 0.34536723 -1. -1. -1. -1.
OGLE-BLG-RRLYR-11981 0.59020945 0.43940069 -1. -1. -1. -1.
OGLE-BLG-RRLYR-12245 0.40949361 0.30151192 -1. -1. -1. -1.
OGLE-BLG-RRLYR-12521 0.48688166 0.36202270 -1. -1. -1. -1.
OGLE-BLG-RRLYR-12660 0.38421397 0.27975568 -1. -1. -1. -1.
OGLE-BLG-RRLYR-12804 0.56773661 0.42332270 -1. -1. -1. -1.
OGLE-BLG-RRLYR-12904 0.57348197 0.42762852 -1. -1. -1. -1.
OGLE-BLG-RRLYR-13009 0.49641135 0.36966904 -1. -1. -1. -1.
OGLE-BLG-RRLYR-13023 0.46051326 0.34193095 -1. -1. -1. -1.
OGLE-BLG-RRLYR-13198 0.43443827 0.32174734 -1. -1. -1. -1.
OGLE-BLG-RRLYR-13302 0.32182575 0.23775911 -1. -1. -1. -1.
OGLE-BLG-RRLYR-13666 0.41343294 0.30495728 -1. -1. -1. -1.
OGLE-BLG-RRLYR-13721 0.45712578 0.33938769 -1. -1. -1. -1.
OGLE-BLG-RRLYR-13804 0.39315385 0.29049656 -1. -1. -1. -1.
OGLE-BLG-RRLYR-14029 0.42993905 0.31798613 -1. -1. -1. -1.
OGLE-BLG-RRLYR-14031 0.57612416 0.42976293 -1. -1. -1. -1.
OGLE-BLG-RRLYR-14491 0.48720510 0.36284632 -1. -1. -1. -1.
OGLE-BLG-RRLYR-14523 0.43270935 0.31999308 -1. -1. -1. -1.
OGLE-BLG-RRLYR-14747 0.47624688 0.35446171 -1. -1. -1. -1.
OGLE-BLG-RRLYR-14782 0.34929038 0.25378880 -1. -1. -1. -1.
OGLE-BLG-RRLYR-14915 0.43338371 0.31699542 -1. -1. -1. -1.
OGLE-BLG-RRLYR-14951 0.48085103 0.35776374 -1. -1. -1. -1.
OGLE-BLG-RRLYR-15012 0.34473815 0.25291996 -1. -1. -1. -1.
OGLE-BLG-RRLYR-15089 0.54928498 0.40988475 -1. -1. -1. -1.
OGLE-BLG-RRLYR-15243 0.55672970 0.41518607 -1. -1. -1. -1.
OGLE-BLG-RRLYR-15770 0.43570665 0.32249367 -1. -1. -1. -1.
OGLE-BLG-RRLYR-15964 0.43884390 0.32474776 -1. -1. -1. -1.
OGLE-BLG-RRLYR-16162 0.47772951 0.35537263 -1. -1. -1. -1.
OGLE-BLG-RRLYR-16319 0.48211241 0.35846302 -1. -1. -1. -1.
OGLE-BLG-RRLYR-16361 0.45253897 0.33524164 -1. -1. -1. -1.
OGLE-BLG-RRLYR-16386 0.54231612 0.40459822 -1. -1. -1. -1.
OGLE-BLG-RRLYR-16403 0.47486123 0.35317929 -1. -1. -1. -1.
OGLE-BLG-RRLYR-16451 0.47292226 0.35155944 -1. -1. -1. -1.
OGLE-BLG-RRLYR-16665 0.43427162 0.32112679 -1. -1. -1. -1.
OGLE-BLG-RRLYR-16684 0.35484344 0.25767477 -1. -1. -1. -1.
***********          0.3560 -1. 0.207228 -1. -1. -1.
***********          0.4719 -1. 0.275448 -1. -1. -1.
***********          0.4868 -1. 0.284973 -1. -1. -1.
***********          0.5129 -1. 0.300149 -1. -1. -1.
***********          0.5617 -1. 0.329269 -1. -1. -1.
***********          0.5942 -1. 0.352063 -1. -1. -1.
***********          0.6225 -1. 0.369205 -1. -1. -1.
***********          0.3977 -1. 0.234007 -1. -1. -1.
***********          0.5674 -1. 0.335106 -1. -1. -1.
AQ-Leo         -1. 0.410137  -1. -1. 0.254717 -1.
KIC08832417    -1. 0.2485479 -1. -1. 0.152194 -1.
KIC05520878    -1. 0.2691698 -1. -1. 0.170066 -1.
KIC04064484    -1. 0.3370016 -1. -1. 0.207340 -1.
KIC09453114    -1. 0.3660784 -1. -1. 0.225043 -1.
Omega-Cen-V10  -1. 0.2995510 -1. -1. 0.183302 -1.
Omega-Cen-V105 -1. 0.3353278 -1. -1. 0.205811 -1.
Omega-Cen-V10  -1. 0.3749758 -1. -1. 0.230126 -1.
Omega-Cen-V350 -1. 0.3791074 -1. -1. 0.230632 -1.
Omega-Cen-V81  -1. 0.3893907 -1. -1. 0.238990 -1.
Omega-cen-V87  -1. 0.3964889 -1. -1. 0.246584 -1.
RRLYR-11983    -1. 0.3402176 -1. -1. 0.205004 -1.
RRLYR-14178    -1. 0.3634166 -1. -1. 0.221810 -1.
OGLE-BLG-RRLYR-00679 -1. 0.30903 -1. -1. 0.18961 -1.
OGLE-BLG-RRLYR-01744 -1. 0.29585 -1. -1. 0.18111 -1.
OGLE-BLG-RRLYR-02077 -1. 0.29234 -1. -1. 0.17953 -1.
OGLE-BLG-RRLYR-02251 -1. 0.24005 -1. -1. 0.15210 -1.
OGLE-BLG-RRLYR-02478 -1. 0.39036 -1. -1. 0.23872 -1.
OGLE-BLG-RRLYR-02615 -1. 0.29403 -1. -1. 0.18024 -1.
OGLE-BLG-RRLYR-04031 -1. 0.31145 -1. -1. 0.18970 -1.
OGLE-BLG-RRLYR-04149 -1. 0.25183 -1. -1. 0.15433 -1.
OGLE-BLG-RRLYR-04466 -1. 0.29726 -1. -1. 0.18212 -1.
OGLE-BLG-RRLYR-04754 -1. 0.28631 -1. -1. 0.17577 -1.
OGLE-BLG-RRLYR-05301 -1. 0.30561 -1. -1. 0.18730 -1.
OGLE-BLG-RRLYR-05311 -1. 0.29733 -1. -1. 0.18251 -1.
OGLE-BLG-RRLYR-05550 -1. 0.24910 -1. -1. 0.15332 -1.
OGLE-BLG-RRLYR-05816 -1. 0.30429 -1. -1. 0.18682 -1.
OGLE-BLG-RRLYR-05837 -1. 0.30154 -1. -1. 0.18515 -1.
OGLE-BLG-RRLYR-05931 -1. 0.30141 -1. -1. 0.18491 -1.
OGLE-BLG-RRLYR-05956 -1. 0.29174 -1. -1. 0.17951 -1.
OGLE-BLG-RRLYR-05964 -1. 0.29994 -1. -1. 0.18394 -1.
OGLE-BLG-RRLYR-06085 -1. 0.30688 -1. -1. 0.18819 -1.
OGLE-BLG-RRLYR-06352 -1. 0.31627 -1. -1. 0.19394 -1.
OGLE-BLG-RRLYR-06374 -1. 0.27296 -1. -1. 0.16688 -1.
OGLE-BLG-RRLYR-06383 -1. 0.31355 -1. -1. 0.19238 -1.
OGLE-BLG-RRLYR-06420 -1. 0.31401 -1. -1. 0.19262 -1.
OGLE-BLG-RRLYR-06439 -1. 0.30499 -1. -1. 0.18743 -1.
OGLE-BLG-RRLYR-07027 -1. 0.30650 -1. -1. 0.18807 -1.
OGLE-BLG-RRLYR-07076 -1. 0.29638 -1. -1. 0.18094 -1.
OGLE-BLG-RRLYR-07094 -1. 0.26797 -1. -1. 0.16389 -1.
OGLE-BLG-RRLYR-07118 -1. 0.31578 -1. -1. 0.19357 -1.
OGLE-BLG-RRLYR-07256 -1. 0.25101 -1. -1. 0.15384 -1.
OGLE-BLG-RRLYR-07368 -1. 0.31903 -1. -1. 0.19547 -1.
OGLE-BLG-RRLYR-07508 -1. 0.29538 -1. -1. 0.18069 -1.
OGLE-BLG-RRLYR-07518 -1. 0.29361 -1. -1. 0.18030 -1.
OGLE-BLG-RRLYR-07980 -1. 0.29529 -1. -1. 0.18033 -1.
OGLE-BLG-RRLYR-08028 -1. 0.28384 -1. -1. 0.17423 -1.
OGLE-BLG-RRLYR-08048 -1. 0.31430 -1. -1. 0.19243 -1.
OGLE-BLG-RRLYR-08084 -1. 0.31470 -1. -1. 0.19288 -1.
OGLE-BLG-RRLYR-08125 -1. 0.27681 -1. -1. 0.16951 -1.
OGLE-BLG-RRLYR-08151 -1. 0.33179 -1. -1. 0.20372 -1.
OGLE-BLG-RRLYR-08183 -1. 0.29386 -1. -1. 0.18054 -1.
OGLE-BLG-RRLYR-08214 -1. 0.31068 -1. -1. 0.19062 -1.
OGLE-BLG-RRLYR-08321 -1. 0.33110 -1. -1. 0.20317 -1.
OGLE-BLG-RRLYR-08349 -1. 0.29709 -1. -1. 0.18203 -1.
OGLE-BLG-RRLYR-08396 -1. 0.29395 -1. -1. 0.18045 -1.
OGLE-BLG-RRLYR-08421 -1. 0.30188 -1. -1. 0.18463 -1.
OGLE-BLG-RRLYR-08443 -1. 0.30694 -1. -1. 0.18815 -1.
OGLE-BLG-RRLYR-08475 -1. 0.31095 -1. -1. 0.19070 -1.
OGLE-BLG-RRLYR-08591 -1. 0.30220 -1. -1. 0.18475 -1.
OGLE-BLG-RRLYR-08597 -1. 0.32093 -1. -1. 0.20236 -1.
OGLE-BLG-RRLYR-08640 -1. 0.28460 -1. -1. 0.17460 -1.
OGLE-BLG-RRLYR-08674 -1. 0.31692 -1. -1. 0.19426 -1.
OGLE-BLG-RRLYR-08716 -1. 0.28834 -1. -1. 0.17709 -1.
OGLE-BLG-RRLYR-08721 -1. 0.24132 -1. -1. 0.14779 -1.
OGLE-BLG-RRLYR-08745 -1. 0.29345 -1. -1. 0.18031 -1.
OGLE-BLG-RRLYR-08788 -1. 0.28739 -1. -1. 0.17632 -1.
OGLE-BLG-RRLYR-08818 -1. 0.31261 -1. -1. 0.19193 -1.
OGLE-BLG-RRLYR-08896 -1. 0.28189 -1. -1. 0.17307 -1.
OGLE-BLG-RRLYR-09134 -1. 0.29693 -1. -1. 0.18243 -1.
OGLE-BLG-RRLYR-09164 -1. 0.28639 -1. -1. 0.17557 -1.
OGLE-BLG-RRLYR-09206 -1. 0.29500 -1. -1. 0.18069 -1.
OGLE-BLG-RRLYR-09267 -1. 0.24988 -1. -1. 0.15303 -1.
OGLE-BLG-RRLYR-09305 -1. 0.30295 -1. -1. 0.18573 -1.
OGLE-BLG-RRLYR-09349 -1. 0.24917 -1. -1. 0.15275 -1.
OGLE-BLG-RRLYR-09481 -1. 0.31772 -1. -1. 0.19466 -1.
OGLE-BLG-RRLYR-09529 -1. 0.30693 -1. -1. 0.18840 -1.
OGLE-BLG-RRLYR-09620 -1. 0.29163 -1. -1. 0.17887 -1.
OGLE-BLG-RRLYR-09733 -1. 0.31378 -1. -1. 0.19227 -1.
OGLE-BLG-RRLYR-09929 -1. 0.29917 -1. -1. 0.18347 -1.
OGLE-BLG-RRLYR-10037 -1. 0.32980 -1. -1. 0.20765 -1.
OGLE-BLG-RRLYR-10219 -1. 0.29384 -1. -1. 0.17993 -1.
OGLE-BLG-RRLYR-10230 -1. 0.31078 -1. -1. 0.19069 -1.
OGLE-BLG-RRLYR-10244 -1. 0.31346 -1. -1. 0.19226 -1.
OGLE-BLG-RRLYR-10352 -1. 0.29857 -1. -1. 0.18338 -1.
OGLE-BLG-RRLYR-10371 -1. 0.28934 -1. -1. 0.17751 -1.
OGLE-BLG-RRLYR-10392 -1. 0.24760 -1. -1. 0.15193 -1.
OGLE-BLG-RRLYR-10426 -1. 0.30200 -1. -1. 0.18517 -1.
OGLE-BLG-RRLYR-10663 -1. 0.27700 -1. -1. 0.16969 -1.
OGLE-BLG-RRLYR-10685 -1. 0.30007 -1. -1. 0.18407 -1.
OGLE-BLG-RRLYR-10756 -1. 0.29659 -1. -1. 0.18232 -1.
OGLE-BLG-RRLYR-10787 -1. 0.27651 -1. -1. 0.16942 -1.
OGLE-BLG-RRLYR-10880 -1. 0.24889 -1. -1. 0.15776 -1.
OGLE-BLG-RRLYR-10951 -1. 0.30553 -1. -1. 0.18685 -1.
OGLE-BLG-RRLYR-11015 -1. 0.28958 -1. -1. 0.17781 -1.
OGLE-BLG-RRLYR-11063 -1. 0.28947 -1. -1. 0.17783 -1.
OGLE-BLG-RRLYR-11107 -1. 0.30866 -1. -1. 0.18957 -1.
OGLE-BLG-RRLYR-11151 -1. 0.29670 -1. -1. 0.18211 -1.
OGLE-BLG-RRLYR-11503 -1. 0.31098 -1. -1. 0.19028 -1.
OGLE-BLG-RRLYR-11559 -1. 0.30529 -1. -1. 0.18630 -1.
OGLE-BLG-RRLYR-11575 -1. 0.29661 -1. -1. 0.18172 -1.
OGLE-BLG-RRLYR-11641 -1. 0.32269 -1. -1. 0.20344 -1.
OGLE-BLG-RRLYR-11684 -1. 0.30179 -1. -1. 0.18530 -1.
OGLE-BLG-RRLYR-11711 -1. 0.30466 -1. -1. 0.18712 -1.
OGLE-BLG-RRLYR-11726 -1. 0.30195 -1. -1. 0.18538 -1.
OGLE-BLG-RRLYR-11742 -1. 0.27929 -1. -1. 0.17185 -1.
OGLE-BLG-RRLYR-11761 -1. 0.30881 -1. -1. 0.18939 -1.
OGLE-BLG-RRLYR-11789 -1. 0.26796 -1. -1. 0.16397 -1.
OGLE-BLG-RRLYR-11806 -1. 0.31314 -1. -1. 0.19207 -1.
OGLE-BLG-RRLYR-11917 -1. 0.31333 -1. -1. 0.19193 -1.
OGLE-BLG-RRLYR-11942 -1. 0.22411 -1. -1. 0.13788 -1.
OGLE-BLG-RRLYR-12037 -1. 0.31909 -1. -1. 0.20128 -1.
OGLE-BLG-RRLYR-12071 -1. 0.33048 -1. -1. 0.20777 -1.
OGLE-BLG-RRLYR-12099 -1. 0.29872 -1. -1. 0.18351 -1.
OGLE-BLG-RRLYR-12113 -1. 0.31059 -1. -1. 0.18936 -1.
OGLE-BLG-RRLYR-12127 -1. 0.28870 -1. -1. 0.17740 -1.
OGLE-BLG-RRLYR-12154 -1. 0.28683 -1. -1. 0.17594 -1.
OGLE-BLG-RRLYR-12160 -1. 0.30123 -1. -1. 0.18491 -1.
OGLE-BLG-RRLYR-12261 -1. 0.30507 -1. -1. 0.18686 -1.
OGLE-BLG-RRLYR-12315 -1. 0.28681 -1. -1. 0.17545 -1.
OGLE-BLG-RRLYR-12355 -1. 0.35181 -1. -1. 0.21630 -1.
OGLE-BLG-RRLYR-12363 -1. 0.31900 -1. -1. 0.19553 -1.
OGLE-BLG-RRLYR-12369 -1. 0.26545 -1. -1. 0.16311 -1.
OGLE-BLG-RRLYR-12421 -1. 0.33805 -1. -1. 0.21317 -1.
OGLE-BLG-RRLYR-12439 -1. 0.29558 -1. -1. 0.18151 -1.
OGLE-BLG-RRLYR-12672 -1. 0.23540 -1. -1. 0.14459 -1.
OGLE-BLG-RRLYR-12686 -1. 0.29624 -1. -1. 0.18200 -1.
OGLE-BLG-RRLYR-12692 -1. 0.32502 -1. -1. 0.19672 -1.
OGLE-BLG-RRLYR-12723 -1. 0.24919 -1. -1. 0.15286 -1.
OGLE-BLG-RRLYR-13003 -1. 0.30888 -1. -1. 0.18966 -1.
OGLE-BLG-RRLYR-13099 -1. 0.28072 -1. -1. 0.17270 -1.
OGLE-BLG-RRLYR-13129 -1. 0.31144 -1. -1. 0.19086 -1.
OGLE-BLG-RRLYR-13136 -1. 0.27940 -1. -1. 0.17130 -1.
OGLE-BLG-RRLYR-13184 -1. 0.31028 -1. -1. 0.18985 -1.
OGLE-BLG-RRLYR-13247 -1. 0.29538 -1. -1. 0.18147 -1.
OGLE-BLG-RRLYR-13269 -1. 0.29716 -1. -1. 0.18175 -1.
OGLE-BLG-RRLYR-13331 -1. 0.29378 -1. -1. 0.18047 -1.
OGLE-BLG-RRLYR-13340 -1. 0.29206 -1. -1. 0.17893 -1.
OGLE-BLG-RRLYR-13401 -1. 0.30025 -1. -1. 0.18374 -1.
OGLE-BLG-RRLYR-13422 -1. 0.30212 -1. -1. 0.18519 -1.
OGLE-BLG-RRLYR-13528 -1. 0.29747 -1. -1. 0.18258 -1.
OGLE-BLG-RRLYR-13550 -1. 0.32117 -1. -1. 0.19672 -1.
OGLE-BLG-RRLYR-13911 -1. 0.24996 -1. -1. 0.15302 -1.
OGLE-BLG-RRLYR-14162 -1. 0.28050 -1. -1. 0.16693 -1.
OGLE-BLG-RRLYR-14190 -1. 0.31324 -1. -1. 0.19199 -1.
OGLE-BLG-RRLYR-14344 -1. 0.30933 -1. -1. 0.18979 -1.
OGLE-BLG-RRLYR-14404 -1. 0.24538 -1. -1. 0.15020 -1.
OGLE-BLG-RRLYR-14467 -1. 0.26591 -1. -1. 0.16291 -1.
OGLE-BLG-RRLYR-14502 -1. 0.29471 -1. -1. 0.18080 -1.
OGLE-BLG-RRLYR-14677 -1. 0.29520 -1. -1. 0.18135 -1.
OGLE-BLG-RRLYR-14687 -1. 0.27104 -1. -1. 0.16629 -1.
OGLE-BLG-RRLYR-14731 -1. 0.33149 -1. -1. 0.20292 -1.
OGLE-BLG-RRLYR-14744 -1. 0.29256 -1. -1. 0.17932 -1.
OGLE-BLG-RRLYR-14917 -1. 0.30481 -1. -1. 0.18637 -1.
OGLE-BLG-RRLYR-15271 -1. 0.28991 -1. -1. 0.17771 -1.
OGLE-BLG-RRLYR-15672 -1. 0.25924 -1. -1. 0.15874 -1.
OGLE-BLG-RRLYR-16157 -1. 0.29843 -1. -1. 0.18333 -1.
OGLE-BLG-RRLYR-16265 -1. 0.31311 -1. -1. 0.19745 -1.
OGLE-BLG-RRLYR-02027 -1. 0.27862 -1. -1. 0.17015 -1.
OGLE-BLG-RRLYR-14031 -1. 0.42978 -1. -1. 0.26470 -1.
# 0.686 stars
OGLE-BLG-RRLYR-04994 -1. 0.3622954  -1. -1. -1. 0.52797
OGLE-BLG-RRLYR-05080 -1. 0.2996982  -1. -1. -1. 0.436810
OGLE-BLG-RRLYR-06970 -1. 0.42988998 -1. -1. -1. 0.626497
OGLE-BLG-RRLYR-07127 -1. 0.3778854  -1. -1. -1. 0.55057
OGLE-BLG-RRLYR-07653 -1. 0.31118879 -1. -1. -1. 0.454151
OGLE-BLG-RRLYR-08748 -1. 0.29153824 -1. -1. -1. 0.424892
OGLE-BLG-RRLYR-09146 -1. 0.35215799 -1. -1. -1. 0.5124233
OGLE-BLG-RRLYR-09217 -1. 0.29391346 -1. -1. -1. 0.428719
OGLE-BLG-RRLYR-09426 -1. 0.22339120 -1. -1. -1. 0.325069
OGLE-BLG-RRLYR-10100 -1. 0.4173796  -1. -1. -1. 0.609497
OGLE-BLG-RRLYR-32196 -1. 0.2677486  -1. -1. -1. 0.390699
KIC9453114           -1. 0.3660809  -1. -1. -1. 0.5330831 
# 0.686 stars  - PPAS paper
OGLE-BLG-RRLYR-01064 -1.  0.3148614  -1. -1. -1. 0.458621
OGLE-BLG-RRLYR-07673 -1.  0.3662894  -1. -1. -1. 0.534248 
OGLE-BLG-RRLYR-08076 -1.  0.28448202 -1. -1. -1. 0.415333 
OGLE-BLG-RRLYR-09671 -1.  0.28267093 -1. -1. -1. 0.414171
OGLE-BLG-RRLYR-10427 -1.  0.3442403  -1. -1. -1. 0.501076 
OGLE-BLG-RRLYR-14775 -1.  0.3346791  -1. -1. -1. 0.48682  
OGLE-BLG-RRLYR-30601 -1.  0.2836980  -1. -1. -1. 0.412854 
OGLE-BLG-RRLYR-36675 -1.  0.3271380  -1. -1. -1. 0.479323 
# Netzel, Smolec & Moskalik, paper II
OGLE-BLG-RRLYR-04067 -1. 0.31994 -1. -1. 0.19592 -1. 
OGLE-BLG-RRLYR-04105 -1. 0.30582 -1. -1. 0.18724 -1. 
OGLE-BLG-RRLYR-04549 -1. 0.29964 -1. -1. 0.18874 -1. 
OGLE-BLG-RRLYR-04599 -1. 0.28939 -1. -1. 0.17797 -1. 
OGLE-BLG-RRLYR-04762 -1. 0.29465 -1. -1. 0.18061 -1. 
OGLE-BLG-RRLYR-04902 -1. 0.32219 -1. -1. 0.19728 -1. 
OGLE-BLG-RRLYR-04942 -1. 0.31855 -1. -1. 0.19534 -1. 
OGLE-BLG-RRLYR-04974 -1. 0.29665 -1. -1. 0.18163 -1. 
OGLE-BLG-RRLYR-04989 -1. 0.30670 -1. -1. 0.18767 -1. 
OGLE-BLG-RRLYR-05071 -1. 0.33469 -1. -1. 0.21078 -1. 
OGLE-BLG-RRLYR-05141 -1. 0.29274 -1. -1. 0.17963 -1. 
OGLE-BLG-RRLYR-05201 -1. 0.29693 -1. -1. 0.18220 -1. 
OGLE-BLG-RRLYR-05231 -1. 0.28601 -1. -1. 0.17575 -1. 
OGLE-BLG-RRLYR-05266 -1. 0.30485 -1. -1. 0.18925 -1. 
*                    -1. 0.30485 -1. -1. 0.18670 -1. 
OGLE-BLG-RRLYR-05291 -1. 0.32072 -1. -1. 0.19692 -1. 
OGLE-BLG-RRLYR-05296 -1. 0.31873 -1. -1. 0.19823 -1. 
OGLE-BLG-RRLYR-05527 -1. 0.28715 -1. -1. 0.17593 -1. 
OGLE-BLG-RRLYR-05531 -1. 0.30808 -1. -1. 0.18908 -1. 
OGLE-BLG-RRLYR-05542 -1. 0.28751 -1. -1. 0.17730 -1. 
OGLE-BLG-RRLYR-05600 -1. 0.30881 -1. -1. 0.18947 -1. 
OGLE-BLG-RRLYR-05672 -1. 0.28435 -1. -1. 0.17464 -1. 
OGLE-BLG-RRLYR-05898 -1. 0.32687 -1. -1. 0.20613 -1. 
OGLE-BLG-RRLYR-05924 -1. 0.29997 -1. -1. 0.18412 -1. 
OGLE-BLG-RRLYR-05928 -1. 0.31043 -1. -1. 0.19071 -1. 
OGLE-BLG-RRLYR-05934 -1. 0.29263 -1. -1. 0.17948 -1. 
OGLE-BLG-RRLYR-05937 -1. 0.31421 -1. -1. 0.19241 -1. 
OGLE-BLG-RRLYR-05965 -1. 0.31396 -1. -1. 0.19266 -1. 
OGLE-BLG-RRLYR-06056 -1. 0.33646 -1. -1. 0.20105 -1. 
OGLE-BLG-RRLYR-06083 -1. 0.30647 -1. -1. 0.18756 -1. 
OGLE-BLG-RRLYR-06130 -1. 0.30384 -1. -1. 0.18632 -1. 
OGLE-BLG-RRLYR-06143 -1. 0.30875 -1. -1. 0.18947 -1. 
OGLE-BLG-RRLYR-06149 -1. 0.27854 -1. -1. 0.17084 -1. 
OGLE-BLG-RRLYR-06194 -1. 0.30451 -1. -1. 0.19077 -1. 
OGLE-BLG-RRLYR-06200 -1. 0.28699 -1. -1. 0.17647 -1. 
OGLE-BLG-RRLYR-06265 -1. 0.32974 -1. -1. 0.20719 -1. 
OGLE-BLG-RRLYR-06420 -1. 0.31401 -1. -1. 0.19246 -1.
*                    -1. 0.31401 -1. -1. 0.19542 -1. 
OGLE-BLG-RRLYR-06461 -1. 0.29651 -1. -1. 0.18719 -1. 
OGLE-BLG-RRLYR-06497 -1. 0.28119 -1. -1. 0.17230 -1. 
OGLE-BLG-RRLYR-06571 -1. 0.29408 -1. -1. 0.18155 -1. 
OGLE-BLG-RRLYR-06590 -1. 0.33661 -1. -1. 0.21246 -1. 
OGLE-BLG-RRLYR-06610 -1. 0.31623 -1. -1. 0.19649 -1. 
*                    -1. 0.31623 -1. -1. 0.19377 -1. 
*                    -1. 0.31623 -1. -1. 0.19963 -1. 
OGLE-BLG-RRLYR-06617 -1. 0.32632 -1. -1. 0.20603 -1. 
OGLE-BLG-RRLYR-06627 -1. 0.29820 -1. -1. 0.18072 -1. 
OGLE-BLG-RRLYR-06659 -1. 0.28984 -1. -1. 0.17607 -1. 
OGLE-BLG-RRLYR-06693 -1. 0.29235 -1. -1. 0.17935 -1. 
OGLE-BLG-RRLYR-06802 -1. 0.31830 -1. -1. 0.19501 -1. 
*                    -1. 0.31830 -1. -1. 0.19792 -1. 
*                    -1. 0.31830 -1. -1. 0.20098 -1. 
OGLE-BLG-RRLYR-06885 -1. 0.28525 -1. -1. 0.17527 -1. 
OGLE-BLG-RRLYR-07091 -1. 0.27903 -1. -1. 0.17095 -1. 
OGLE-BLG-RRLYR-07096 -1. 0.31880 -1. -1. 0.19548 -1. 
OGLE-BLG-RRLYR-07103 -1. 0.30453 -1. -1. 0.18608 -1. 
OGLE-BLG-RRLYR-07135 -1. 0.35978 -1. -1. 0.22448 -1. 
OGLE-BLG-RRLYR-07292 -1. 0.32493 -1. -1. 0.20495 -1. 
OGLE-BLG-RRLYR-07303 -1. 0.32197 -1. -1. 0.20048 -1. 
OGLE-BLG-RRLYR-07375 -1. 0.32464 -1. -1. 0.20176 -1. 
*                    -1. 0.32464 -1. -1. 0.19891 -1. 
OGLE-BLG-RRLYR-07448 -1. 0.37014 -1. -1. 0.23241 -1. 
OGLE-BLG-RRLYR-07486 -1. 0.31703 -1. -1. 0.19974 -1. 
OGLE-BLG-RRLYR-07500 -1. 0.32308 -1. -1. 0.20407 -1. 
*                    -1. 0.32308 -1. -1. 0.20081 -1. 
OGLE-BLG-RRLYR-07517 -1. 0.32565 -1. -1. 0.20497 -1. 
OGLE-BLG-RRLYR-07559 -1. 0.32052 -1. -1. 0.19617 -1. 
*                    -1. 0.32052 -1. -1. 0.20239 -1. 
OGLE-BLG-RRLYR-07677 -1. 0.29486 -1. -1. 0.18080 -1. 
OGLE-BLG-RRLYR-07701 -1. 0.29796 -1. -1. 0.18267 -1. 
OGLE-BLG-RRLYR-07714 -1. 0.36978 -1. -1. 0.22641 -1. 
OGLE-BLG-RRLYR-07723 -1. 0.35599 -1. -1. 0.21762 -1. 
OGLE-BLG-RRLYR-07781 -1. 0.42917 -1. -1. 0.26464 -1. 
OGLE-BLG-RRLYR-07803 -1. 0.31390 -1. -1. 0.19220 -1. 
OGLE-BLG-RRLYR-07806 -1. 0.31900 -1. -1. 0.19820 -1. 
*                    -1. 0.31900 -1. -1. 0.19547 -1. 
*                    -1. 0.31900 -1. -1. 0.20132 -1. 
OGLE-BLG-RRLYR-07857 -1. 0.32088 -1. -1. 0.19645 -1. 
*                    -1. 0.32088 -1. -1. 0.19938 -1. 
OGLE-BLG-RRLYR-07907 -1. 0.28779 -1. -1. 0.17659 -1. 
OGLE-BLG-RRLYR-07962 -1. 0.24463 -1. -1. 0.14982 -1. 
OGLE-BLG-RRLYR-08002 -1. 0.30879 -1. -1. 0.18918 -1. 
*                    -1. 0.30879 -1. -1. 0.19471 -1. 
OGLE-BLG-RRLYR-08123 -1. 0.28762 -1. -1. 0.18132 -1. 
*                    -1. 0.28762 -1. -1. 0.17583 -1. 
OGLE-BLG-RRLYR-08125 -1. 0.27681 -1. -1. 0.16954 -1.
*                    -1. 0.27681 -1. -1. 0.17468 -1. 
OGLE-BLG-RRLYR-08137 -1. 0.30800 -1. -1. 0.18914 -1. 
OGLE-BLG-RRLYR-08138 -1. 0.31864 -1. -1. 0.19525 -1. 
*                    -1. 0.31864 -1. -1. 0.20104 -1. 
OGLE-BLG-RRLYR-08170 -1. 0.32306 -1. -1. 0.19797 -1. 
OGLE-BLG-RRLYR-08177 -1. 0.28513 -1. -1. 0.17518 -1. 
OGLE-BLG-RRLYR-08302 -1. 0.29946 -1. -1. 0.18393 -1. 
OGLE-BLG-RRLYR-08390 -1. 0.29069 -1. -1. 0.17800 -1. 
OGLE-BLG-RRLYR-08447 -1. 0.27066 -1. -1. 0.16390 -1. 
OGLE-BLG-RRLYR-08460 -1. 0.36490 -1. -1. 0.22846 -1. 
OGLE-BLG-RRLYR-08590 -1. 0.24166 -1. -1. 0.14847 -1. 
OGLE-BLG-RRLYR-08594 -1. 0.29979 -1. -1. 0.18356 -1. 
OGLE-BLG-RRLYR-08653 -1. 0.36015 -1. -1. 0.22232 -1. 
OGLE-BLG-RRLYR-08696 -1. 0.32765 -1. -1. 0.20421 -1. 
*                    -1. 0.32765 -1. -1. 0.20775 -1. 
OGLE-BLG-RRLYR-08715 -1. 0.36986 -1. -1. 0.23325 -1. 
OGLE-BLG-RRLYR-08720 -1. 0.27942 -1. -1. 0.17212 -1. 
OGLE-BLG-RRLYR-08824 -1. 0.30036 -1. -1. 0.18370 -1. 
OGLE-BLG-RRLYR-08826 -1. 0.31251 -1. -1. 0.19127 -1. 
*                    -1. 0.31251 -1. -1. 0.19732 -1. 
*                    -1. 0.31251 -1. -1. 0.19404 -1. 
OGLE-BLG-RRLYR-08844 -1. 0.28957 -1. -1. 0.17753 -1. 
OGLE-BLG-RRLYR-08847 -1. 0.26403 -1. -1. 0.16192 -1. 
OGLE-BLG-RRLYR-08863 -1. 0.28168 -1. -1. 0.17291 -1. 
OGLE-BLG-RRLYR-08866 -1. 0.24142 -1. -1. 0.14800 -1. 
OGLE-BLG-RRLYR-08986 -1. 0.30559 -1. -1. 0.18777 -1. 
OGLE-BLG-RRLYR-09126 -1. 0.32399 -1. -1. 0.20138 -1. 
*                    -1. 0.32399 -1. -1. 0.19847 -1. 
*                    -1. 0.32399 -1. -1. 0.20468 -1. 
OGLE-BLG-RRLYR-09212 -1. 0.23495 -1. -1. 0.14436 -1.
OGLE-BLG-RRLYR-09305 -1. 0.30295 -1. -1. 0.18586 -1.
*                    -1. 0.30295 -1. -1. 0.18858 -1. 
*                    -1. 0.30295 -1. -1. 0.19126 -1. 
OGLE-BLG-RRLYR-09436 -1. 0.33013 -1. -1. 0.20362 -1. 
OGLE-BLG-RRLYR-09511 -1. 0.30283 -1. -1. 0.18971 -1. 
OGLE-BLG-RRLYR-09520 -1. 0.24893 -1. -1. 0.15259 -1. 
OGLE-BLG-RRLYR-09521 -1. 0.32318 -1. -1. 0.19808 -1. 
*                    -1. 0.32318 -1. -1. 0.20428 -1. 
OGLE-BLG-RRLYR-09631 -1. 0.28027 -1. -1. 0.17236 -1. 
OGLE-BLG-RRLYR-09649 -1. 0.30893 -1. -1. 0.19014 -1. 
OGLE-BLG-RRLYR-09665 -1. 0.29925 -1. -1. 0.18352 -1. 
OGLE-BLG-RRLYR-09696 -1. 0.30839 -1. -1. 0.18772 -1. 
OGLE-BLG-RRLYR-09775 -1. 0.23541 -1. -1. 0.14451 -1. 
OGLE-BLG-RRLYR-09795 -1. 0.31620 -1. -1. 0.19441 -1. 
OGLE-BLG-RRLYR-10000 -1. 0.29739 -1. -1. 0.18269 -1. 
OGLE-BLG-RRLYR-10008 -1. 0.30435 -1. -1. 0.18729 -1. 
OGLE-BLG-RRLYR-10040 -1. 0.31351 -1. -1. 0.19233 -1. 
OGLE-BLG-RRLYR-10127 -1. 0.28186 -1. -1. 0.17317 -1. 
OGLE-BLG-RRLYR-30633 -1. 0.29150 -1. -1. 0.17891 -1. 
OGLE-BLG-RRLYR-30848 -1. 0.30693 -1. -1. 0.18930 -1. 
OGLE-BLG-RRLYR-31736 -1. 0.30524 -1. -1. 0.18726 -1. 
*                    -1. 0.30524 -1. -1. 0.19250 -1. 
OGLE-BLG-RRLYR-32091 -1. 0.28894 -1. -1. 0.17691 -1. 
OGLE-BLG-RRLYR-32145 -1. 0.30005 -1. -1. 0.18422 -1. 
OGLE-BLG-RRLYR-32252 -1. 0.36310 -1. -1. 0.22868 -1. 
OGLE-BLG-RRLYR-32289 -1. 0.30627 -1. -1. 0.18845 -1. 
OGLE-BLG-RRLYR-32877 -1. 0.25066 -1. -1. 0.15337 -1. 
*                    -1. 0.25066 -1. -1. 0.15600 -1. 
# PRUDIL ET  AL. STARS
OGLE-BLG-RRLYR-00595 0.28183 -1. -1. -1.  0.19971 -1.
OGLE-BLG-RRLYR-00617 0.33811 -1. -1. -1.  0.24171 -1.
OGLE-BLG-RRLYR-01401 0.31304 -1. -1. -1.  0.21390 -1.
OGLE-BLG-RRLYR-01529 0.36332 -1. -1. -1.  0.25456 -1.
OGLE-BLG-RRLYR-02147 0.35221 -1. -1. -1.  0.25067 -1.
OGLE-BLG-RRLYR-02217 0.36557 -1. -1. -1.  0.25700 -1.
OGLE-BLG-RRLYR-02943 0.33669 -1. -1. -1.  0.22978 -1.
OGLE-BLG-RRLYR-02990 0.35305 -1. -1. -1.  0.24763 -1.
OGLE-BLG-RRLYR-03090 0.32432 -1. -1. -1.  0.23087 -1.
OGLE-BLG-RRLYR-05851 0.35469 -1. -1. -1.  0.24563 -1.
OGLE-BLG-RRLYR-07688 0.31544 -1. -1. -1.  0.21815 -1.
OGLE-BLG-RRLYR-08621 0.33001 -1. -1. -1.  0.22940 -1.
OGLE-BLG-RRLYR-09117 0.30968 -1. -1. -1.  0.21910 -1.
OGLE-BLG-RRLYR-12880 0.34004 -1. -1. -1.  0.23906 -1.
OGLE-BLG-RRLYR-13745 0.35677 -1. -1. -1.  0.24762 -1.
OGLE-BLG-RRLYR-14063 0.37532 -1. -1. -1.  0.26343 -1.
OGLE-BLG-RRLYR-14135 0.30080 -1. -1. -1.  0.21533 -1.
OGLE-BLG-RRLYR-14481 0.40971 -1. -1. -1.  0.28202 -1.
OGLE-BLG-RRLYR-15657 0.36659 -1. -1. -1.  0.25402 -1.
OGLE-BLG-RRLYR-15842 0.36544 -1. -1. -1.  0.25341 -1.
OGLE-BLG-RRLYR-16999 0.32582 -1. -1. -1.  0.23142 -1.
OGLE-BLG-RRLYR-18798 0.36868 -1. -1. -1.  0.26039 -1.
OGLE-BLG-RRLYR-19058 0.30608 -1. -1. -1.  0.21404 -1.
OGLE-BLG-RRLYR-19121 0.35760 -1. -1. -1.  0.24818 -1.
OGLE-BLG-RRLYR-20645 0.35648 -1. -1. -1.  0.24628 -1.
OGLE-BLG-RRLYR-21400 0.35273 -1. -1. -1.  0.25389 -1.
OGLE-BLG-RRLYR-22305 0.34065 -1. -1. -1.  0.23816 -1.
OGLE-BLG-RRLYR-24360 0.32650 -1. -1. -1.  0.23003 -1.
OGLE-BLG-RRLYR-24500 0.33858 -1. -1. -1.  0.24043 -1.
OGLE-BLG-RRLYR-27203 0.32119 -1. -1. -1.  0.22332 -1.
OGLE-BLG-RRLYR-28160 0.32689 -1. -1. -1.  0.23295 -1.
OGLE-BLG-RRLYR-29286 0.38828 -1. -1. -1.  0.27080 -1.
OGLE-BLG-RRLYR-30418 0.36410 -1. -1. -1.  0.25938 -1.
OGLE-BLG-RRLYR-30470 0.38117 -1. -1. -1.  0.26376 -1.
OGLE-BLG-RRLYR-30974 0.28973 -1. -1. -1.  0.20427 -1.
OGLE-BLG-RRLYR-32721 0.32617 -1. -1. -1.  0.23016 -1.
OGLE-BLG-RRLYR-32923 0.34929 -1. -1. -1.  0.24503 -1.
OGLE-BLG-RRLYR-35838 0.31627 -1. -1. -1.  0.21852 -1.
OGLE-BLG-RRLYR-19847 0.31772 -1. -1. -1.  0.22438 -1.
OGLE-BLG-RRLYR-30908 0.28746 -1. -1. -1.  0.20314 -1.
OGLE-BLG-RRLYR-31754 0.31732 -1. -1. -1.  0.22598 -1.
OGLE-BLG-RRLYR-34006 0.31207 -1. -1. -1.  0.21946 -1.
