ID F 1O 2O 3O 4O 5O
OGLE-LMC-CEP-0024 5.0930441 3.6316736 -1. -1. -1. -1.
OGLE-LMC-CEP-0036 1.5738216 1.1419504 -1. -1. -1. -1.
OGLE-LMC-CEP-0083 0.5805571 0.4397881 -1. -1. -1. -1.
OGLE-LMC-CEP-0112 1.8945959 1.3709906 -1. -1. -1. -1.
OGLE-LMC-CEP-0200 1.8961156 1.3715372 -1. -1. -1. -1.
OGLE-LMC-CEP-0261 2.4382289 1.7540148 -1. -1. -1. -1.
OGLE-LMC-CEP-0355 2.2144145 1.5972124 -1. -1. -1. -1.
OGLE-LMC-CEP-0432 3.8842199 2.7931983 -1. -1. -1. -1.
OGLE-LMC-CEP-0507 0.9850261 0.7277254 -1. -1. -1. -1.
OGLE-LMC-CEP-0532 1.7876085 1.2958316 -1. -1. -1. -1.
OGLE-LMC-CEP-0550 3.2350922 2.3040824 -1. -1. -1. -1.
OGLE-LMC-CEP-0562 1.8070008 1.3082604 -1. -1. -1. -1.
OGLE-LMC-CEP-0566 2.8040936 2.0143763 -1. -1. -1. -1.
OGLE-LMC-CEP-0623 2.4774706 1.7829716 -1. -1. -1. -1.
OGLE-LMC-CEP-0653 1.9041588 1.3769573 -1. -1. -1. -1.
OGLE-LMC-CEP-0742 1.8075788 1.3076473 -1. -1. -1. -1.
OGLE-LMC-CEP-0832 3.8928031 2.7963769 -1. -1. -1. -1.
OGLE-LMC-CEP-0856 1.1846325 0.8691941 -1. -1. -1. -1.
OGLE-LMC-CEP-0894 3.5260282 2.5180279 -1. -1. -1. -1.
OGLE-LMC-CEP-0901 1.4215738 1.0462024 -1. -1. -1. -1.
OGLE-LMC-CEP-0937 2.7825555 2.0030874 -1. -1. -1. -1.
OGLE-LMC-CEP-0956 3.8348556 2.7321485 -1. -1. -1. -1.
OGLE-LMC-CEP-1043 4.0657062 2.9094626 -1. -1. -1. -1.
OGLE-LMC-CEP-1064 3.7003494 2.6535910 -1. -1. -1. -1.
OGLE-LMC-CEP-1082 7.8643395 5.5651765 -1. -1. -1. -1.
OGLE-LMC-CEP-1221 1.3335415 0.9718377 -1. -1. -1. -1.
OGLE-LMC-CEP-1242 2.2809295 1.6466407 -1. -1. -1. -1.
OGLE-LMC-CEP-1380 3.1708872 2.2734085 -1. -1. -1. -1.
OGLE-LMC-CEP-1381 1.5692871 1.1419214 -1. -1. -1. -1.
OGLE-LMC-CEP-1443 1.3555355 0.9870974 -1. -1. -1. -1.
OGLE-LMC-CEP-1624 4.8414578 3.4535925 -1. -1. -1. -1.
OGLE-LMC-CEP-1717 3.3215300 2.3473772 -1. -1. -1. -1.
OGLE-LMC-CEP-1770 1.0224458 0.7537065 -1. -1. -1. -1.
OGLE-LMC-CEP-1825 2.7985003 2.0108504 -1. -1. -1. -1.
OGLE-LMC-CEP-1989 2.9355271 2.1070073 -1. -1. -1. -1.
OGLE-LMC-CEP-2029 2.8492979 2.0322209 -1. -1. -1. -1.
OGLE-LMC-CEP-2037 3.4336603 2.4408884 -1. -1. -1. -1.
OGLE-LMC-CEP-2067 1.2817305 0.9385657 -1. -1. -1. -1.
OGLE-LMC-CEP-2071 1.5468906 1.1207866 -1. -1. -1. -1.
OGLE-LMC-CEP-2149 3.4051457 2.4375937 -1. -1. -1. -1.
OGLE-LMC-CEP-2227 3.6856215 2.6405712 -1. -1. -1. -1.
OGLE-LMC-CEP-2241 3.4467453 2.4557676 -1. -1. -1. -1.
OGLE-LMC-CEP-2351 2.3696581 1.7091305 -1. -1. -1. -1.
OGLE-LMC-CEP-2373 2.9370163 2.1007891 -1. -1. -1. -1.
OGLE-LMC-CEP-2404 1.8840770 1.3617040 -1. -1. -1. -1.
OGLE-LMC-CEP-2410 3.3903279 2.4233877 -1. -1. -1. -1.
OGLE-LMC-CEP-2461 3.6418529 2.6117972 -1. -1. -1. -1.
OGLE-LMC-CEP-2487 1.6137086 1.1736783 -1. -1. -1. -1.
OGLE-LMC-CEP-2527 3.4550791 2.4674799 -1. -1. -1. -1.
OGLE-LMC-CEP-2569 2.7266714 1.9534145 -1. -1. -1. -1.
OGLE-LMC-CEP-2603 1.7860064 1.2992169 -1. -1. -1. -1.
OGLE-LMC-CEP-2665 3.5643383 2.5542447 -1. -1. -1. -1.
OGLE-LMC-CEP-2720 3.2099154 2.2949390 -1. -1. -1. -1.
OGLE-LMC-CEP-2802 1.2851370 0.9375865 -1. -1. -1. -1.
OGLE-LMC-CEP-2882 1.4986882 1.0886639 -1. -1. -1. -1.
OGLE-LMC-CEP-2924 1.4714161 1.0732334 -1. -1. -1. -1.
OGLE-LMC-CEP-3099 1.5709735 1.1419966 -1. -1. -1. -1.
OGLE-LMC-CEP-3190 1.7729887 1.2846322 -1. -1. -1. -1.
OGLE-LMC-CEP-3217 1.0273865 0.7554969 -1. -1. -1. -1.
OGLE-LMC-CEP-3229 1.8292581 1.3259502 -1. -1. -1. -1.
OGLE-LMC-CEP-3272 1.6838246 1.2215299 -1. -1. -1. -1.
OGLE-SMC-CEP-0086 1.8208288 1.3386533 -1. -1. -1. -1.
OGLE-SMC-CEP-0178 1.5769417 1.1608937 -1. -1. -1. -1.
OGLE-SMC-CEP-0253 1.4312281 1.0541044 -1. -1. -1. -1.
OGLE-SMC-CEP-0285 1.1044177 0.8148028 -1. -1. -1. -1.
OGLE-SMC-CEP-0403 2.2108408 1.6183417 -1. -1. -1. -1.
OGLE-SMC-CEP-0408 1.7901765 1.3140538 -1. -1. -1. -1.
OGLE-SMC-CEP-0476 1.7043962 1.2451132 -1. -1. -1. -1.
OGLE-SMC-CEP-0703 1.3758475 1.0183119 -1. -1. -1. -1.
OGLE-SMC-CEP-0837 1.4161870 1.0385117 -1. -1. -1. -1.
OGLE-SMC-CEP-0838 2.1673305 1.5815905 -1. -1. -1. -1.
OGLE-SMC-CEP-0871 1.2110928 0.8902061 -1. -1. -1. -1.
OGLE-SMC-CEP-0892 2.0881536 1.5264367 -1. -1. -1. -1.
OGLE-SMC-CEP-0913 1.7775298 1.2976297 -1. -1. -1. -1.
OGLE-SMC-CEP-0964 0.9254546 0.6912821 -1. -1. -1. -1.
OGLE-SMC-CEP-1015 1.7137179 1.2683647 -1. -1. -1. -1.
OGLE-SMC-CEP-1148 1.8409250 1.3494884 -1. -1. -1. -1.
OGLE-SMC-CEP-1191 1.5870338 1.1656740 -1. -1. -1. -1.
OGLE-SMC-CEP-1206 1.7013245 1.2409012 -1. -1. -1. -1.
OGLE-SMC-CEP-1209 2.0970368 1.5431096 -1. -1. -1. -1.
OGLE-SMC-CEP-1219 1.3658312 1.0037588 -1. -1. -1. -1.
OGLE-SMC-CEP-1290 1.0238983 0.7558049 -1. -1. -1. -1.
OGLE-SMC-CEP-1300 1.8128661 1.3334748 -1. -1. -1. -1.
OGLE-SMC-CEP-1346 2.2882604 1.6687950 -1. -1. -1. -1.
OGLE-SMC-CEP-1378 1.5990040 1.1786621 -1. -1. -1. -1.
OGLE-SMC-CEP-1407 2.2435447 1.6361745 -1. -1. -1. -1.
OGLE-SMC-CEP-1497 4.9779792 3.5883290 -1. -1. -1. -1.
OGLE-SMC-CEP-1537 2.2313245 1.6314727 -1. -1. -1. -1.
OGLE-SMC-CEP-1570 2.3711805 1.7329656 -1. -1. -1. -1.
OGLE-SMC-CEP-1675 0.8851132 0.6633253 -1. -1. -1. -1.
OGLE-SMC-CEP-1716 0.8738743 0.6484973 -1. -1. -1. -1.
OGLE-SMC-CEP-1762 1.2768063 0.9453061 -1. -1. -1. -1.
OGLE-SMC-CEP-1781 1.6623676 1.2211223 -1. -1. -1. -1.
OGLE-SMC-CEP-1838 2.0207549 1.4753513 -1. -1. -1. -1.
OGLE-SMC-CEP-2016 2.1804761 1.5872853 -1. -1. -1. -1.
OGLE-SMC-CEP-2078 1.9133915 1.4054284 -1. -1. -1. -1.
OGLE-SMC-CEP-2257 0.8560663 0.6370111 -1. -1. -1. -1.
OGLE-SMC-CEP-2309 1.8333786 1.3429852 -1. -1. -1. -1.
OGLE-SMC-CEP-2354 1.9114886 1.4027637 -1. -1. -1. -1.
OGLE-SMC-CEP-2514 1.1209706 0.8239964 -1. -1. -1. -1.
OGLE-SMC-CEP-2515 2.0546200 1.5025825 -1. -1. -1. -1.
OGLE-SMC-CEP-2526 1.3161279 0.9680239 -1. -1. -1. -1.
OGLE-SMC-CEP-2530 1.7537766 1.2842771 -1. -1. -1. -1.
OGLE-SMC-CEP-2615 1.9551413 1.4318485 -1. -1. -1. -1.
OGLE-SMC-CEP-2671 0.8633047 0.6437023 -1. -1. -1. -1.
OGLE-SMC-CEP-2676 1.8297977 1.3414183 -1. -1. -1. -1.
OGLE-SMC-CEP-2782 1.8776834 1.3728094 -1. -1. -1. -1.
OGLE-SMC-CEP-2808 2.1688786 1.5832654 -1. -1. -1. -1.
OGLE-SMC-CEP-2829 2.1210875 1.5496990 -1. -1. -1. -1.
OGLE-SMC-CEP-3019 2.1537062 1.5695398 -1. -1. -1. -1.
OGLE-SMC-CEP-3078 2.2210948 1.6171170 -1. -1. -1. -1.
OGLE-SMC-CEP-3269 2.3326524 1.7047120 -1. -1. -1. -1.
OGLE-SMC-CEP-3291 1.2163489 0.8975114 -1. -1. -1. -1.
OGLE-SMC-CEP-3328 1.6492633 1.2120652 -1. -1. -1. -1.
OGLE-SMC-CEP-3409 1.3301592 0.9732617 -1. -1. -1. -1.
OGLE-SMC-CEP-3828 2.2857097 1.6706279 -1. -1. -1. -1.
OGLE-SMC-CEP-4043 2.2388953 1.6273429 -1. -1. -1. -1.
OGLE-SMC-CEP-4120 1.7374706 1.2781510 -1. -1. -1. -1.
OGLE-SMC-CEP-4161 1.8907514 1.3860649 -1. -1. -1. -1.
OGLE-SMC-CEP-4345 1.7934551 1.3170654 -1. -1. -1. -1.
OGLE-BLG-CEP-03 1.2356978 0.9053473 -1. -1. -1. -1.
OGLE-BLG-CEP-21 0.7785577 0.5709891 -1. -1. -1. -1.
OGLE-LMC-CEP-0008 -1. 0.9728803 0.7819963 -1. -1. -1.
OGLE-LMC-CEP-0011 -1. 1.0199399 0.8194226 -1. -1. -1.
OGLE-LMC-CEP-0032 -1. 1.0619388 0.8543964 -1. -1. -1.
OGLE-LMC-CEP-0061 -1. 0.8685993 0.6985061 -1. -1. -1.
OGLE-LMC-CEP-0073 -1. 0.8371477 0.6739025 -1. -1. -1.
OGLE-LMC-CEP-0081 -1. 0.5360223 0.4328948 -1. -1. -1.
OGLE-LMC-CEP-0136 -1. 1.4398274 1.1521875 -1. -1. -1.
OGLE-LMC-CEP-0146 -1. 0.8840895 0.7125805 -1. -1. -1.
OGLE-LMC-CEP-0178 -1. 0.7226984 0.5816238 -1. -1. -1.
OGLE-LMC-CEP-0183 -1. 0.8934525 0.7193078 -1. -1. -1.
OGLE-LMC-CEP-0207 -1. 0.9990188 0.8019926 -1. -1. -1.
OGLE-LMC-CEP-0219 -1. 0.9431289 0.7586516 -1. -1. -1.
OGLE-LMC-CEP-0228 -1. 0.3656793 0.2939865 -1. -1. -1.
OGLE-LMC-CEP-0234 -1. 1.1328773 0.9078021 -1. -1. -1.
OGLE-LMC-CEP-0242 -1. 0.7804629 0.6295171 -1. -1. -1.
OGLE-LMC-CEP-0259 -1. 0.5062302 0.4068503 -1. -1. -1.
OGLE-LMC-CEP-0277 -1. 0.5784461 0.4667290 -1. -1. -1.
OGLE-LMC-CEP-0309 -1. 0.7885423 0.6347889 -1. -1. -1.
OGLE-LMC-CEP-0311 -1. 1.3641916 1.0933167 -1. -1. -1.
OGLE-LMC-CEP-0341 -1. 0.3261510 0.2629724 -1. -1. -1.
OGLE-LMC-CEP-0344 -1. 0.2600595 0.2088636 -1. -1. -1.
OGLE-LMC-CEP-0375 -1. 0.6880396 0.5539631 -1. -1. -1.
OGLE-LMC-CEP-0391 -1. 1.1410553 0.9149391 -1. -1. -1.
OGLE-LMC-CEP-0413 -1. 0.7629374 0.6140498 -1. -1. -1.
OGLE-LMC-CEP-0435 -1. 0.8212007 0.6608309 -1. -1. -1.
OGLE-LMC-CEP-0464 -1. 0.7086311 0.5707823 -1. -1. -1.
OGLE-LMC-CEP-0476 -1. 0.8317620 0.6692676 -1. -1. -1.
OGLE-LMC-CEP-0493 -1. 0.7088379 0.5716834 -1. -1. -1.
OGLE-LMC-CEP-0503 -1. 0.4864420 0.3904431 -1. -1. -1.
OGLE-LMC-CEP-0509 -1. 0.7133842 0.5752974 -1. -1. -1.
OGLE-LMC-CEP-0516 -1. 0.5937646 0.4785401 -1. -1. -1.
OGLE-LMC-CEP-0552 -1. 0.7425470 0.5982643 -1. -1. -1.
OGLE-LMC-CEP-0558 -1. 0.7343653 0.5917685 -1. -1. -1.
OGLE-LMC-CEP-0608 -1. 0.5702782 0.4603575 -1. -1. -1.
OGLE-LMC-CEP-0629 -1. 0.8411554 0.6777027 -1. -1. -1.
OGLE-LMC-CEP-0630 -1. 0.9904041 0.7957381 -1. -1. -1.
OGLE-LMC-CEP-0641 -1. 0.7681005 0.6182702 -1. -1. -1.
OGLE-LMC-CEP-0642 -1. 0.9916715 0.7973790 -1. -1. -1.
OGLE-LMC-CEP-0643 -1. 0.6835031 0.5508207 -1. -1. -1.
OGLE-LMC-CEP-0651 -1. 0.6427922 0.5185509 -1. -1. -1.
OGLE-LMC-CEP-0664 -1. 0.7012236 0.5652246 -1. -1. -1.
OGLE-LMC-CEP-0670 -1. 1.1862258 0.9508465 -1. -1. -1.
OGLE-LMC-CEP-0684 -1. 0.8423073 0.6789978 -1. -1. -1.
OGLE-LMC-CEP-0703 -1. 0.9605529 0.7723258 -1. -1. -1.
OGLE-LMC-CEP-0704 -1. 1.1101982 0.8907262 -1. -1. -1.
OGLE-LMC-CEP-0724 -1. 1.3212488 1.0597138 -1. -1. -1.
OGLE-LMC-CEP-0737 -1. 0.3401880 0.2729846 -1. -1. -1.
OGLE-LMC-CEP-0781 -1. 0.6271918 0.5061819 -1. -1. -1.
OGLE-LMC-CEP-0782 -1. 1.1350894 0.9115552 -1. -1. -1.
OGLE-LMC-CEP-0810 -1. 0.3426423 0.2754115 -1. -1. -1.
OGLE-LMC-CEP-0897 -1. 0.3003524 0.2421556 -1. -1. -1.
OGLE-LMC-CEP-0909 -1. 1.2204780 0.9768598 -1. -1. -1.
OGLE-LMC-CEP-0983 -1. 0.3268180 0.2630248 -1. -1. -1.
OGLE-LMC-CEP-1017 -1. 0.4454301 0.3581991 -1. -1. -1.
OGLE-LMC-CEP-1023 -1. 0.5947076 0.4777218 -1. -1. -1.
OGLE-LMC-CEP-1026 -1. 0.4146549 0.3328509 -1. -1. -1.
OGLE-LMC-CEP-1027 -1. 1.2181252 0.9753569 -1. -1. -1.
OGLE-LMC-CEP-1032 -1. 1.0175741 0.8169500 -1. -1. -1.
OGLE-LMC-CEP-1041 -1. 0.6815659 0.5497273 -1. -1. -1.
OGLE-LMC-CEP-1054 -1. 0.6855431 0.5533594 -1. -1. -1.
OGLE-LMC-CEP-1055 -1. 0.9804376 0.7884231 -1. -1. -1.
OGLE-LMC-CEP-1063 -1. 0.6608621 0.5333784 -1. -1. -1.
OGLE-LMC-CEP-1069 -1. 0.8178486 0.6594455 -1. -1. -1.
OGLE-LMC-CEP-1099 -1. 0.6530227 0.5246757 -1. -1. -1.
OGLE-LMC-CEP-1102 -1. 0.4833357 0.3878966 -1. -1. -1.
OGLE-LMC-CEP-1103 -1. 0.7576614 0.6103408 -1. -1. -1.
OGLE-LMC-CEP-1105 -1. 1.2175156 0.9783572 -1. -1. -1.
OGLE-LMC-CEP-1125 -1. 0.7683079 0.6203519 -1. -1. -1.
OGLE-LMC-CEP-1151 -1. 1.0843365 0.8698541 -1. -1. -1.
OGLE-LMC-CEP-1152 -1. 0.6068451 0.4875015 -1. -1. -1.
OGLE-LMC-CEP-1155 -1. 0.7786211 0.6269096 -1. -1. -1.
OGLE-LMC-CEP-1171 -1. 0.7360031 0.5927722 -1. -1. -1.
OGLE-LMC-CEP-1177 -1. 0.5577055 0.4492337 -1. -1. -1.
OGLE-LMC-CEP-1179 -1. 0.4489746 0.3609760 -1. -1. -1.
OGLE-LMC-CEP-1206 -1. 0.5262655 0.4229109 -1. -1. -1.
OGLE-LMC-CEP-1239 -1. 0.6330726 0.5101730 -1. -1. -1.
OGLE-LMC-CEP-1291 -1. 0.4913904 0.3945951 -1. -1. -1.
OGLE-LMC-CEP-1311 -1. 0.5048640 0.4059979 -1. -1. -1.
OGLE-LMC-CEP-1343 -1. 1.0988391 0.8821491 -1. -1. -1.
OGLE-LMC-CEP-1347 -1. 0.6900006 0.5556745 -1. -1. -1.
OGLE-LMC-CEP-1352 -1. 1.1985624 0.9600788 -1. -1. -1.
OGLE-LMC-CEP-1358 -1. 0.3703338 0.2974362 -1. -1. -1.
OGLE-LMC-CEP-1384 -1. 0.6651884 0.5363849 -1. -1. -1.
OGLE-LMC-CEP-1385 -1. 0.9347229 0.7517181 -1. -1. -1.
OGLE-LMC-CEP-1400 -1. 0.7654629 0.6176644 -1. -1. -1.
OGLE-LMC-CEP-1402 -1. 0.6736140 0.5434238 -1. -1. -1.
OGLE-LMC-CEP-1408 -1. 0.3165883 0.2547867 -1. -1. -1.
OGLE-LMC-CEP-1432 -1. 0.8987584 0.7227670 -1. -1. -1.
OGLE-LMC-CEP-1447 -1. 0.7478946 0.6013963 -1. -1. -1.
OGLE-LMC-CEP-1448 -1. 0.7115452 0.5741631 -1. -1. -1.
OGLE-LMC-CEP-1464 -1. 1.1542931 0.9293624 -1. -1. -1.
OGLE-LMC-CEP-1471 -1. 0.6523943 0.5268915 -1. -1. -1.
OGLE-LMC-CEP-1473 -1. 1.1806535 0.9486228 -1. -1. -1.
OGLE-LMC-CEP-1477 -1. 0.9402359 0.7570625 -1. -1. -1.
OGLE-LMC-CEP-1485 -1. 1.0223832 0.8211166 -1. -1. -1.
OGLE-LMC-CEP-1487 -1. 0.6297767 0.5072498 -1. -1. -1.
OGLE-LMC-CEP-1540 -1. 0.5867832 0.4734407 -1. -1. -1.
OGLE-LMC-CEP-1542 -1. 0.4099929 0.3291574 -1. -1. -1.
OGLE-LMC-CEP-1554 -1. 0.6212463 0.5009600 -1. -1. -1.
OGLE-LMC-CEP-1562 -1. 0.8495137 0.6842652 -1. -1. -1.
OGLE-LMC-CEP-1586 -1. 0.6052272 0.4883558 -1. -1. -1.
OGLE-LMC-CEP-1613 -1. 0.5147771 0.4133693 -1. -1. -1.
OGLE-LMC-CEP-1618 -1. 0.4035469 0.3240131 -1. -1. -1.
OGLE-LMC-CEP-1635 -1. 1.3415657 1.0749910 -1. -1. -1.
OGLE-LMC-CEP-1673 -1. 1.0812781 0.8673206 -1. -1. -1.
OGLE-LMC-CEP-1681 -1. 0.8962755 0.7221319 -1. -1. -1.
OGLE-LMC-CEP-1689 -1. 0.8094932 0.6526255 -1. -1. -1.
OGLE-LMC-CEP-1699 -1. 0.8242654 0.6650515 -1. -1. -1.
OGLE-LMC-CEP-1708 -1. 0.2419824 0.1942195 -1. -1. -1.
OGLE-LMC-CEP-1710 -1. 0.8885263 0.7167444 -1. -1. -1.
OGLE-LMC-CEP-1731 -1. 1.0812682 0.8677005 -1. -1. -1.
OGLE-LMC-CEP-1733 -1. 0.3896132 0.3128995 -1. -1. -1.
OGLE-LMC-CEP-1734 -1. 0.5901103 0.4745227 -1. -1. -1.
OGLE-LMC-CEP-1816 -1. 0.9201509 0.7400341 -1. -1. -1.
OGLE-LMC-CEP-1823 -1. 0.7833440 0.6311927 -1. -1. -1.
OGLE-LMC-CEP-1855 -1. 0.8348464 0.6733273 -1. -1. -1.
OGLE-LMC-CEP-1859 -1. 1.3478897 1.0762984 -1. -1. -1.
OGLE-LMC-CEP-1863 -1. 0.7158781 0.5779683 -1. -1. -1.
OGLE-LMC-CEP-1869 -1. 0.2930049 0.2350355 -1. -1. -1.
OGLE-LMC-CEP-1886 -1. 0.8897331 0.7157954 -1. -1. -1.
OGLE-LMC-CEP-1934 -1. 1.2950682 1.0367763 -1. -1. -1.
OGLE-LMC-CEP-1966 -1. 0.6465250 0.5204430 -1. -1. -1.
OGLE-LMC-CEP-1979 -1. 0.7408490 0.5951588 -1. -1. -1.
OGLE-LMC-CEP-1980 -1. 0.7292502 0.5884166 -1. -1. -1.
OGLE-LMC-CEP-2009 -1. 0.9493450 0.7641412 -1. -1. -1.
OGLE-LMC-CEP-2010 -1. 0.6007616 0.4845647 -1. -1. -1.
OGLE-LMC-CEP-2020 -1. 1.0165342 0.8172808 -1. -1. -1.
OGLE-LMC-CEP-2025 -1. 0.7109468 0.5732055 -1. -1. -1.
OGLE-LMC-CEP-2045 -1. 0.6329718 0.5101351 -1. -1. -1.
OGLE-LMC-CEP-2048 -1. 0.2838136 0.2286036 -1. -1. -1.
OGLE-LMC-CEP-2070 -1. 0.5877246 0.4733422 -1. -1. -1.
OGLE-LMC-CEP-2072 -1. 0.7380574 0.5942739 -1. -1. -1.
OGLE-LMC-CEP-2087 -1. 0.5205094 0.4186543 -1. -1. -1.
OGLE-LMC-CEP-2089 -1. 0.6604201 0.5321584 -1. -1. -1.
OGLE-LMC-CEP-2098 -1. 0.7671147 0.6183652 -1. -1. -1.
OGLE-LMC-CEP-2110 -1. 1.0919726 0.8759091 -1. -1. -1.
OGLE-LMC-CEP-2131 -1. 0.6684652 0.5390969 -1. -1. -1.
OGLE-LMC-CEP-2167 -1. 0.7240908 0.5846111 -1. -1. -1.
OGLE-LMC-CEP-2173 -1. 0.5840497 0.4712397 -1. -1. -1.
OGLE-LMC-CEP-2175 -1. 0.9325614 0.7513702 -1. -1. -1.
OGLE-LMC-CEP-2220 -1. 0.6554669 0.5291952 -1. -1. -1.
OGLE-LMC-CEP-2260 -1. 1.1864614 0.9525625 -1. -1. -1.
OGLE-LMC-CEP-2328 -1. 0.9519981 0.7660257 -1. -1. -1.
OGLE-LMC-CEP-2333 -1. 1.3229269 1.0556753 -1. -1. -1.
OGLE-LMC-CEP-2346 -1. 0.6289684 0.5072758 -1. -1. -1.
OGLE-LMC-CEP-2390 -1. 0.5900992 0.4760639 -1. -1. -1.
OGLE-LMC-CEP-2415 -1. 0.9149048 0.7362994 -1. -1. -1.
OGLE-LMC-CEP-2431 -1. 0.4988908 0.4022667 -1. -1. -1.
OGLE-LMC-CEP-2436 -1. 0.7912666 0.6371765 -1. -1. -1.
OGLE-LMC-CEP-2438 -1. 0.7498030 0.6036677 -1. -1. -1.
OGLE-LMC-CEP-2442 -1. 0.8566265 0.6891911 -1. -1. -1.
OGLE-LMC-CEP-2469 -1. 0.7048189 0.5683823 -1. -1. -1.
OGLE-LMC-CEP-2486 -1. 0.7914016 0.6378539 -1. -1. -1.
OGLE-LMC-CEP-2496 -1. 0.7402483 0.5972269 -1. -1. -1.
OGLE-LMC-CEP-2548 -1. 0.7300800 0.5890136 -1. -1. -1.
OGLE-LMC-CEP-2578 -1. 0.7278073 0.5865669 -1. -1. -1.
OGLE-LMC-CEP-2579 -1. 0.5410621 0.4368583 -1. -1. -1.
OGLE-LMC-CEP-2656 -1. 1.3530169 1.0805272 -1. -1. -1.
OGLE-LMC-CEP-2670 -1. 0.6688726 0.5388639 -1. -1. -1.
OGLE-LMC-CEP-2678 -1. 0.7377995 0.5945762 -1. -1. -1.
OGLE-LMC-CEP-2746 -1. 0.8078369 0.6502783 -1. -1. -1.
OGLE-LMC-CEP-2752 -1. 0.8335248 0.6713416 -1. -1. -1.
OGLE-LMC-CEP-2754 -1. 1.2542304 1.0050272 -1. -1. -1.
OGLE-LMC-CEP-2756 -1. 0.6110068 0.4912086 -1. -1. -1.
OGLE-LMC-CEP-2776 -1. 0.9357873 0.7528103 -1. -1. -1.
OGLE-LMC-CEP-2906 -1. 1.0117295 0.8128923 -1. -1. -1.
OGLE-LMC-CEP-2945 -1. 0.6370762 0.5136202 -1. -1. -1.
OGLE-LMC-CEP-2960 -1. 0.4163649 0.3349458 -1. -1. -1.
OGLE-LMC-CEP-2973 -1. 0.6055532 0.4869432 -1. -1. -1.
OGLE-LMC-CEP-2974 -1. 0.7343890 0.5925134 -1. -1. -1.
OGLE-LMC-CEP-2978 -1. 1.2360706 0.9889980 -1. -1. -1.
OGLE-LMC-CEP-2988 -1. 0.3662060 0.2946157 -1. -1. -1.
OGLE-LMC-CEP-3000 -1. 0.7056444 0.5682584 -1. -1. -1.
OGLE-LMC-CEP-3020 -1. 0.6863111 0.5515410 -1. -1. -1.
OGLE-LMC-CEP-3023 -1. 0.3981143 0.3206239 -1. -1. -1.
OGLE-LMC-CEP-3034 -1. 1.1832280 0.9467919 -1. -1. -1.
OGLE-LMC-CEP-3076 -1. 0.6517849 0.5253026 -1. -1. -1.
OGLE-LMC-CEP-3081 -1. 0.3365600 0.2701870 -1. -1. -1.
OGLE-LMC-CEP-3106 -1. 1.1196265 0.8965306 -1. -1. -1.
OGLE-LMC-CEP-3108 -1. 0.9600704 0.7723812 -1. -1. -1.
OGLE-LMC-CEP-3114 -1. 0.3304467 0.2652754 -1. -1. -1.
OGLE-LMC-CEP-3115 -1. 1.2383876 0.9943604 -1. -1. -1.
OGLE-LMC-CEP-3164 -1. 0.8597981 0.6921636 -1. -1. -1.
OGLE-LMC-CEP-3172 -1. 0.8715046 0.7010658 -1. -1. -1.
OGLE-LMC-CEP-3175 -1. 1.0151814 0.8144050 -1. -1. -1.
OGLE-LMC-CEP-3178 -1. 1.1793775 0.9443233 -1. -1. -1.
OGLE-LMC-CEP-3180 -1. 0.7416013 0.5964019 -1. -1. -1.
OGLE-LMC-CEP-3224 -1. 0.6406823 0.5163887 -1. -1. -1.
OGLE-LMC-CEP-3233 -1. 0.9636803 0.7752128 -1. -1. -1.
OGLE-LMC-CEP-3234 -1. 1.2517260 1.0087655 -1. -1. -1.
OGLE-LMC-CEP-3235 -1. 0.7463316 0.6019711 -1. -1. -1.
OGLE-LMC-CEP-3239 -1. 0.4449554 0.3575723 -1. -1. -1.
OGLE-LMC-CEP-3240 -1. 0.6589165 0.5319258 -1. -1. -1.
OGLE-LMC-CEP-3250 -1. 0.8139221 0.6544508 -1. -1. -1.
OGLE-LMC-CEP-3269 -1. 0.8907001 0.7169633 -1. -1. -1.
OGLE-LMC-CEP-3287 -1. 0.6529154 0.5272895 -1. -1. -1.
OGLE-LMC-CEP-3290 -1. 0.8934251 0.7191386 -1. -1. -1.
OGLE-LMC-CEP-3336 -1. 1.0889193 0.8735540 -1. -1. -1.
OGLE-LMC-CEP-3343 -1. 1.1504073 0.9220295 -1. -1. -1.
OGLE-LMC-CEP-3348 -1. 0.5311005 0.4284938 -1. -1. -1.
OGLE-LMC-CEP-3350 -1. 0.4762930 0.3826545 -1. -1. -1.
OGLE-LMC-CEP-3358 -1. 0.9062947 0.7299156 -1. -1. -1.
OGLE-LMC-CEP-3361 -1. 0.9129683 0.7341635 -1. -1. -1.
OGLE-LMC-CEP-3367 -1. 0.2204178 0.1773397 -1. -1. -1.
OGLE-LMC-CEP-3369 -1. 0.2318723 0.1866170 -1. -1. -1.
OGLE-LMC-CEP-3374 -1. 0.2222545 0.1788834 -1. -1. -1.
OGLE-SMC-CEP-0017 -1. 0.7705001 0.6205426 -1. -1. -1.
OGLE-SMC-CEP-0018 -1. 0.7121087 0.5740886 -1. -1. -1.
OGLE-SMC-CEP-0030 -1. 0.6530478 0.5274517 -1. -1. -1.
OGLE-SMC-CEP-0075 -1. 0.5429110 0.4390224 -1. -1. -1.
OGLE-SMC-CEP-0076 -1. 0.6275817 0.5067103 -1. -1. -1.
OGLE-SMC-CEP-0079 -1. 0.5795210 0.4677430 -1. -1. -1.
OGLE-SMC-CEP-0094 -1. 0.7629497 0.6139678 -1. -1. -1.
OGLE-SMC-CEP-0107 -1. 0.7511539 0.6057284 -1. -1. -1.
OGLE-SMC-CEP-0109 -1. 0.5728902 0.4621494 -1. -1. -1.
OGLE-SMC-CEP-0124 -1. 0.6215149 0.5021593 -1. -1. -1.
OGLE-SMC-CEP-0130 -1. 0.7007204 0.5655556 -1. -1. -1.
OGLE-SMC-CEP-0165 -1. 0.5373006 0.4330422 -1. -1. -1.
OGLE-SMC-CEP-0173 -1. 0.6635007 0.5358704 -1. -1. -1.
OGLE-SMC-CEP-0184 -1. 0.8087463 0.6508806 -1. -1. -1.
OGLE-SMC-CEP-0189 -1. 0.6983075 0.5635726 -1. -1. -1.
OGLE-SMC-CEP-0241 -1. 0.7709884 0.6206200 -1. -1. -1.
OGLE-SMC-CEP-0244 -1. 0.8545548 0.6875896 -1. -1. -1.
OGLE-SMC-CEP-0278 -1. 0.8714584 0.7000662 -1. -1. -1.
OGLE-SMC-CEP-0305 -1. 1.6658931 1.3186609 -1. -1. -1.
OGLE-SMC-CEP-0308 -1. 0.7769240 0.6258463 -1. -1. -1.
OGLE-SMC-CEP-0314 -1. 0.7603732 0.6124474 -1. -1. -1.
OGLE-SMC-CEP-0319 -1. 0.6749228 0.5444432 -1. -1. -1.
OGLE-SMC-CEP-0321 -1. 0.6704262 0.5408225 -1. -1. -1.
OGLE-SMC-CEP-0353 -1. 0.6745479 0.5436173 -1. -1. -1.
OGLE-SMC-CEP-0364 -1. 0.7174765 0.5781716 -1. -1. -1.
OGLE-SMC-CEP-0399 -1. 0.6495837 0.5249289 -1. -1. -1.
OGLE-SMC-CEP-0453 -1. 0.8425911 0.6774231 -1. -1. -1.
OGLE-SMC-CEP-0488 -1. 0.7058269 0.5693973 -1. -1. -1.
OGLE-SMC-CEP-0500 -1. 0.7043420 0.5674222 -1. -1. -1.
OGLE-SMC-CEP-0511 -1. 0.6191886 0.4991887 -1. -1. -1.
OGLE-SMC-CEP-0515 -1. 0.6770538 0.5462756 -1. -1. -1.
OGLE-SMC-CEP-0520 -1. 0.6610951 0.5342779 -1. -1. -1.
OGLE-SMC-CEP-0632 -1. 0.7053731 0.5688138 -1. -1. -1.
OGLE-SMC-CEP-0653 -1. 0.7405627 0.5964974 -1. -1. -1.
OGLE-SMC-CEP-0655 -1. 0.7852893 0.6325261 -1. -1. -1.
OGLE-SMC-CEP-0743 -1. 0.7422568 0.5984592 -1. -1. -1.
OGLE-SMC-CEP-0754 -1. 0.7248116 0.5839588 -1. -1. -1.
OGLE-SMC-CEP-0781 -1. 0.6551554 0.5279253 -1. -1. -1.
OGLE-SMC-CEP-0812 -1. 0.6907828 0.5569852 -1. -1. -1.
OGLE-SMC-CEP-0822 -1. 1.4288720 1.1387925 -1. -1. -1.
OGLE-SMC-CEP-0845 -1. 0.5031766 0.4060497 -1. -1. -1.
OGLE-SMC-CEP-0846 -1. 0.6914524 0.5570363 -1. -1. -1.
OGLE-SMC-CEP-0864 -1. 0.9900474 0.7946925 -1. -1. -1.
OGLE-SMC-CEP-0909 -1. 0.6248176 0.5039797 -1. -1. -1.
OGLE-SMC-CEP-0919 -1. 0.5550347 0.4476016 -1. -1. -1.
OGLE-SMC-CEP-0922 -1. 0.5529744 0.4468687 -1. -1. -1.
OGLE-SMC-CEP-0928 -1. 0.8101119 0.6514398 -1. -1. -1.
OGLE-SMC-CEP-0952 -1. 0.7392216 0.5957887 -1. -1. -1.
OGLE-SMC-CEP-0959 -1. 1.0028854 0.8043097 -1. -1. -1.
OGLE-SMC-CEP-0961 -1. 0.6386656 0.5149032 -1. -1. -1.
OGLE-SMC-CEP-0963 -1. 0.6112978 0.4931471 -1. -1. -1.
OGLE-SMC-CEP-0980 -1. 0.8309457 0.6687296 -1. -1. -1.
OGLE-SMC-CEP-0991 -1. 0.5840789 0.4711461 -1. -1. -1.
OGLE-SMC-CEP-0998 -1. 0.7103151 0.5730518 -1. -1. -1.
OGLE-SMC-CEP-1013 -1. 0.6552228 0.5281564 -1. -1. -1.
OGLE-SMC-CEP-1014 -1. 1.3123065 1.0564236 -1. -1. -1.
OGLE-SMC-CEP-1063 -1. 0.6570939 0.5296164 -1. -1. -1.
OGLE-SMC-CEP-1083 -1. 0.6098779 0.4917026 -1. -1. -1.
OGLE-SMC-CEP-1097 -1. 0.9596072 0.7712199 -1. -1. -1.
OGLE-SMC-CEP-1104 -1. 0.6720884 0.5416072 -1. -1. -1.
OGLE-SMC-CEP-1121 -1. 0.7142418 0.5753291 -1. -1. -1.
OGLE-SMC-CEP-1137 -1. 0.7215942 0.5820184 -1. -1. -1.
OGLE-SMC-CEP-1150 -1. 0.7744247 0.6263678 -1. -1. -1.
OGLE-SMC-CEP-1175 -1. 0.5743818 0.4636965 -1. -1. -1.
OGLE-SMC-CEP-1186 -1. 0.7936778 0.6387220 -1. -1. -1.
OGLE-SMC-CEP-1198 -1. 0.6606068 0.5322721 -1. -1. -1.
OGLE-SMC-CEP-1207 -1. 0.5922120 0.4778800 -1. -1. -1.
OGLE-SMC-CEP-1218 -1. 0.7043430 0.5675276 -1. -1. -1.
OGLE-SMC-CEP-1243 -1. 0.6580927 0.5304512 -1. -1. -1.
OGLE-SMC-CEP-1302 -1. 0.6844049 0.5518909 -1. -1. -1.
OGLE-SMC-CEP-1332 -1. 0.7525172 0.6062603 -1. -1. -1.
OGLE-SMC-CEP-1406 -1. 0.7396872 0.5962341 -1. -1. -1.
OGLE-SMC-CEP-1431 -1. 0.8419998 0.6776004 -1. -1. -1.
OGLE-SMC-CEP-1441 -1. 1.5923501 1.2700351 -1. -1. -1.
OGLE-SMC-CEP-1457 -1. 0.7715797 0.6223747 -1. -1. -1.
OGLE-SMC-CEP-1471 -1. 0.3271808 0.2646095 -1. -1. -1.
OGLE-SMC-CEP-1508 -1. 0.7562760 0.6087398 -1. -1. -1.
OGLE-SMC-CEP-1513 -1. 0.9699890 0.7790915 -1. -1. -1.
OGLE-SMC-CEP-1532 -1. 0.7288747 0.5870644 -1. -1. -1.
OGLE-SMC-CEP-1536 -1. 1.1155201 0.8976174 -1. -1. -1.
OGLE-SMC-CEP-1540 -1. 0.7469069 0.6016408 -1. -1. -1.
OGLE-SMC-CEP-1571 -1. 0.7228864 0.5827391 -1. -1. -1.
OGLE-SMC-CEP-1595 -1. 0.8286493 0.6667264 -1. -1. -1.
OGLE-SMC-CEP-1600 -1. 0.7720614 0.6217356 -1. -1. -1.
OGLE-SMC-CEP-1606 -1. 0.3525079 0.2845753 -1. -1. -1.
OGLE-SMC-CEP-1609 -1. 0.6934537 0.5587712 -1. -1. -1.
OGLE-SMC-CEP-1612 -1. 0.7153811 0.5765853 -1. -1. -1.
OGLE-SMC-CEP-1619 -1. 0.6151146 0.4961373 -1. -1. -1.
OGLE-SMC-CEP-1639 -1. 0.8730561 0.7044929 -1. -1. -1.
OGLE-SMC-CEP-1649 -1. 0.7593020 0.6112600 -1. -1. -1.
OGLE-SMC-CEP-1661 -1. 0.7350805 0.5928036 -1. -1. -1.
OGLE-SMC-CEP-1666 -1. 0.6423961 0.5188945 -1. -1. -1.
OGLE-SMC-CEP-1670 -1. 0.6473330 0.5217567 -1. -1. -1.
OGLE-SMC-CEP-1676 -1. 0.4965648 0.4016403 -1. -1. -1.
OGLE-SMC-CEP-1745 -1. 0.7812145 0.6291757 -1. -1. -1.
OGLE-SMC-CEP-1749 -1. 0.6534773 0.5269342 -1. -1. -1.
OGLE-SMC-CEP-1789 -1. 0.7136473 0.5752020 -1. -1. -1.
OGLE-SMC-CEP-1804 -1. 0.7363124 0.5932960 -1. -1. -1.
OGLE-SMC-CEP-1837 -1. 0.7669729 0.6177769 -1. -1. -1.
OGLE-SMC-CEP-1860 -1. 0.7188953 0.5799746 -1. -1. -1.
OGLE-SMC-CEP-1912 -1. 0.7220116 0.5818222 -1. -1. -1.
OGLE-SMC-CEP-1963 -1. 0.6962700 0.5608042 -1. -1. -1.
OGLE-SMC-CEP-1974 -1. 0.7139010 0.5755813 -1. -1. -1.
OGLE-SMC-CEP-1982 -1. 0.3567251 0.2881399 -1. -1. -1.
OGLE-SMC-CEP-2001 -1. 0.7154814 0.5771852 -1. -1. -1.
OGLE-SMC-CEP-2003 -1. 0.6141751 0.4964760 -1. -1. -1.
OGLE-SMC-CEP-2007 -1. 0.6565469 0.5291791 -1. -1. -1.
OGLE-SMC-CEP-2022 -1. 0.7225615 0.5821447 -1. -1. -1.
OGLE-SMC-CEP-2036 -1. 0.7676046 0.6182246 -1. -1. -1.
OGLE-SMC-CEP-2040 -1. 0.6996968 0.5638882 -1. -1. -1.
OGLE-SMC-CEP-2046 -1. 0.7346942 0.5928277 -1. -1. -1.
OGLE-SMC-CEP-2071 -1. 0.4975784 0.4017221 -1. -1. -1.
OGLE-SMC-CEP-2091 -1. 0.7192924 0.5793484 -1. -1. -1.
OGLE-SMC-CEP-2109 -1. 0.7283056 0.5867719 -1. -1. -1.
OGLE-SMC-CEP-2114 -1. 0.7995713 0.6436054 -1. -1. -1.
OGLE-SMC-CEP-2142 -1. 0.8534489 0.6865383 -1. -1. -1.
OGLE-SMC-CEP-2170 -1. 1.0960119 0.8780593 -1. -1. -1.
OGLE-SMC-CEP-2182 -1. 0.6307293 0.5087141 -1. -1. -1.
OGLE-SMC-CEP-2222 -1. 0.7570193 0.6092899 -1. -1. -1.
OGLE-SMC-CEP-2237 -1. 0.8126515 0.6541697 -1. -1. -1.
OGLE-SMC-CEP-2252 -1. 0.7718130 0.6214711 -1. -1. -1.
OGLE-SMC-CEP-2284 -1. 0.7332379 0.5904494 -1. -1. -1.
OGLE-SMC-CEP-2292 -1. 0.7218362 0.5823386 -1. -1. -1.
OGLE-SMC-CEP-2317 -1. 0.8482412 0.6817634 -1. -1. -1.
OGLE-SMC-CEP-2332 -1. 0.8309047 0.6690010 -1. -1. -1.
OGLE-SMC-CEP-2337 -1. 0.7641391 0.6158015 -1. -1. -1.
OGLE-SMC-CEP-2368 -1. 0.7427925 0.5980468 -1. -1. -1.
OGLE-SMC-CEP-2383 -1. 0.6311397 0.5089265 -1. -1. -1.
OGLE-SMC-CEP-2394 -1. 0.8747638 0.7034829 -1. -1. -1.
OGLE-SMC-CEP-2414 -1. 0.8493896 0.6824350 -1. -1. -1.
OGLE-SMC-CEP-2417 -1. 0.6456946 0.5209539 -1. -1. -1.
OGLE-SMC-CEP-2431 -1. 0.6188940 0.4992383 -1. -1. -1.
OGLE-SMC-CEP-2452 -1. 0.6486779 0.5231453 -1. -1. -1.
OGLE-SMC-CEP-2465 -1. 0.7763828 0.6251554 -1. -1. -1.
OGLE-SMC-CEP-2476 -1. 0.2526009 0.2040336 -1. -1. -1.
OGLE-SMC-CEP-2490 -1. 0.6430634 0.5185537 -1. -1. -1.
OGLE-SMC-CEP-2507 -1. 0.2775516 0.2239723 -1. -1. -1.
OGLE-SMC-CEP-2527 -1. 0.3292289 0.2653827 -1. -1. -1.
OGLE-SMC-CEP-2531 -1. 0.7156698 0.5769140 -1. -1. -1.
OGLE-SMC-CEP-2559 -1. 0.5774828 0.4670689 -1. -1. -1.
OGLE-SMC-CEP-2570 -1. 0.8139880 0.6549197 -1. -1. -1.
OGLE-SMC-CEP-2583 -1. 0.5853857 0.4725072 -1. -1. -1.
OGLE-SMC-CEP-2687 -1. 0.6141860 0.4953569 -1. -1. -1.
OGLE-SMC-CEP-2688 -1. 0.7383510 0.5950083 -1. -1. -1.
OGLE-SMC-CEP-2708 -1. 0.5223148 0.4214747 -1. -1. -1.
OGLE-SMC-CEP-2719 -1. 0.7058853 0.5686282 -1. -1. -1.
OGLE-SMC-CEP-2741 -1. 0.8447545 0.6811386 -1. -1. -1.
OGLE-SMC-CEP-2753 -1. 0.7447773 0.6001145 -1. -1. -1.
OGLE-SMC-CEP-2759 -1. 0.7153964 0.5769860 -1. -1. -1.
OGLE-SMC-CEP-2770 -1. 0.9310179 0.7481465 -1. -1. -1.
OGLE-SMC-CEP-2772 -1. 0.6152591 0.4965719 -1. -1. -1.
OGLE-SMC-CEP-2786 -1. 0.7216209 0.5818764 -1. -1. -1.
OGLE-SMC-CEP-2817 -1. 0.7969225 0.6407915 -1. -1. -1.
OGLE-SMC-CEP-2823 -1. 0.6915412 0.5575204 -1. -1. -1.
OGLE-SMC-CEP-2869 -1. 0.6664809 0.5373809 -1. -1. -1.
OGLE-SMC-CEP-2882 -1. 0.6960531 0.5621294 -1. -1. -1.
OGLE-SMC-CEP-2892 -1. 0.8286776 0.6663699 -1. -1. -1.
OGLE-SMC-CEP-2895 -1. 0.8841671 0.7104085 -1. -1. -1.
OGLE-SMC-CEP-2907 -1. 0.4902939 0.3960379 -1. -1. -1.
OGLE-SMC-CEP-2914 -1. 0.5631791 0.4542619 -1. -1. -1.
OGLE-SMC-CEP-2939 -1. 0.6316474 0.5095315 -1. -1. -1.
OGLE-SMC-CEP-2950 -1. 0.7002732 0.5649462 -1. -1. -1.
OGLE-SMC-CEP-2960 -1. 0.8708088 0.7008641 -1. -1. -1.
OGLE-SMC-CEP-2966 -1. 0.6105306 0.4923959 -1. -1. -1.
OGLE-SMC-CEP-2982 -1. 0.7597325 0.6115400 -1. -1. -1.
OGLE-SMC-CEP-3010 -1. 0.6804746 0.5486185 -1. -1. -1.
OGLE-SMC-CEP-3047 -1. 0.8445875 0.6791447 -1. -1. -1.
OGLE-SMC-CEP-3068 -1. 0.7020100 0.5658981 -1. -1. -1.
OGLE-SMC-CEP-3085 -1. 0.6663873 0.5378835 -1. -1. -1.
OGLE-SMC-CEP-3100 -1. 0.7382396 0.5944921 -1. -1. -1.
OGLE-SMC-CEP-3106 -1. 0.7565677 0.6090596 -1. -1. -1.
OGLE-SMC-CEP-3120 -1. 0.6152528 0.4954364 -1. -1. -1.
OGLE-SMC-CEP-3129 -1. 0.6748613 0.5444518 -1. -1. -1.
OGLE-SMC-CEP-3140 -1. 0.7118524 0.5740306 -1. -1. -1.
OGLE-SMC-CEP-3181 -1. 0.7465717 0.6022559 -1. -1. -1.
OGLE-SMC-CEP-3182 -1. 0.7852432 0.6315323 -1. -1. -1.
OGLE-SMC-CEP-3185 -1. 0.5766934 0.4661942 -1. -1. -1.
OGLE-SMC-CEP-3197 -1. 0.6435150 0.5192500 -1. -1. -1.
OGLE-SMC-CEP-3205 -1. 0.6273182 0.5061224 -1. -1. -1.
OGLE-SMC-CEP-3264 -1. 0.7889331 0.6343450 -1. -1. -1.
OGLE-SMC-CEP-3265 -1. 0.6854524 0.5525624 -1. -1. -1.
OGLE-SMC-CEP-3278 -1. 0.5739739 0.4633435 -1. -1. -1.
OGLE-SMC-CEP-3318 -1. 0.6772312 0.5457122 -1. -1. -1.
OGLE-SMC-CEP-3344 -1. 0.7867164 0.6335862 -1. -1. -1.
OGLE-SMC-CEP-3347 -1. 0.6172530 0.4977772 -1. -1. -1.
OGLE-SMC-CEP-3371 -1. 0.6112559 0.4928596 -1. -1. -1.
OGLE-SMC-CEP-3399 -1. 0.7478826 0.6032267 -1. -1. -1.
OGLE-SMC-CEP-3610 -1. 0.7503689 0.6054991 -1. -1. -1.
OGLE-SMC-CEP-3648 -1. 1.1311010 0.9082991 -1. -1. -1.
OGLE-SMC-CEP-3660 -1. 0.3867429 0.3125134 -1. -1. -1.
OGLE-SMC-CEP-3695 -1. 0.8338620 0.6715691 -1. -1. -1.
OGLE-SMC-CEP-3705 -1. 0.6748662 0.5440427 -1. -1. -1.
OGLE-SMC-CEP-3729 -1. 0.7603232 0.6142204 -1. -1. -1.
OGLE-SMC-CEP-3767 -1. 0.8359613 0.6715554 -1. -1. -1.
OGLE-SMC-CEP-3779 -1. 0.7294702 0.5877750 -1. -1. -1.
OGLE-SMC-CEP-3808 -1. 0.6806932 0.5485597 -1. -1. -1.
OGLE-SMC-CEP-3825 -1. 0.9791466 0.7887480 -1. -1. -1.
OGLE-SMC-CEP-3827 -1. 0.7359671 0.5929504 -1. -1. -1.
OGLE-SMC-CEP-3847 -1. 0.5944762 0.4796874 -1. -1. -1.
OGLE-SMC-CEP-3856 -1. 0.6387509 0.5149061 -1. -1. -1.
OGLE-SMC-CEP-3906 -1. 0.7036018 0.5674172 -1. -1. -1.
OGLE-SMC-CEP-3967 -1. 0.8071212 0.6498618 -1. -1. -1.
OGLE-SMC-CEP-3984 -1. 0.7014183 0.5652176 -1. -1. -1.
OGLE-SMC-CEP-4032 -1. 0.8001867 0.6434649 -1. -1. -1.
OGLE-SMC-CEP-4133 -1. 0.6555245 0.5286545 -1. -1. -1.
OGLE-SMC-CEP-4257 -1. 0.7180855 0.5783772 -1. -1. -1.
OGLE-SMC-CEP-4301 -1. 0.5152235 0.4153030 -1. -1. -1.
OGLE-SMC-CEP-4407 -1. 0.7686767 0.6188422 -1. -1. -1.
OGLE-SMC-CEP-4409 -1. 0.5957096 0.4807866 -1. -1. -1.
OGLE-SMC-CEP-4461 -1. 0.7629755 0.6169636 -1. -1. -1.
OGLE-SMC-CEP-4480 -1. 0.7155515 0.5759339 -1. -1. -1.
OGLE-SMC-CEP-4535 -1. 0.7031309 0.5657272 -1. -1. -1.
OGLE-SMC-CEP-4553 -1. 0.7207043 0.5806137 -1. -1. -1.
OGLE-SMC-CEP-4580 -1. 0.7603145 0.6120811 -1. -1. -1.
OGLE-SMC-CEP-4612 -1. 0.7375854 0.5946837 -1. -1. -1.
OGLE-BLG-CEP-04 -1. 0.2400460 0.1902514 -1. -1. -1.
OGLE-BLG-CEP-09 -1. 0.2725666 0.2167213 -1. -1. -1.
OGLE-BLG-CEP-19 -1. 0.2865322 0.2279652 -1. -1. -1.
OGLE-LMC-CEP-0691 -1. 0.5283468 -1 0.3578453 -1. -1.
OGLE-LMC-CEP-1106 -1. 0.5711029 -1 0.3867924 -1. -1.
OGLE-SMC-CEP-0056 -1. 0.9860212 -1. -1. 0.60372 -1.
OGLE-SMC-CEP-0212 -1. 1.7410109 -1. -1. 1.08768 -1.
OGLE-SMC-CEP-0251 -1. 1.7968016 -1. -1. 1.12276 -1.
OGLE-SMC-CEP-0280 -1. 1.6751913 -1. -1. 1.04344 -1.
OGLE-SMC-CEP-0281 -1. 1.2662460 -1. -1. 0.77191 -1.
OGLE-SMC-CEP-0307 -1. 0.9734743 -1. -1. 0.59718 -1.
OGLE-SMC-CEP-0447 -1. 1.2651448 -1. -1. 0.77624 -1.
OGLE-SMC-CEP-0456 -1. 0.8776926 -1. -1. 0.54059 -1.
OGLE-SMC-CEP-0466 -1. 1.1317606 -1. -1. 0.69027 -1.
OGLE-SMC-CEP-0491 -1. 1.0641280 -1. -1. 0.65273 -1.
OGLE-SMC-CEP-0509 -1. 1.6261759 -1. -1. 0.98495 -1.
OGLE-SMC-CEP-0592 -1. 1.1495481 -1. -1. 0.70231 -1.
OGLE-SMC-CEP-0628 -1. 1.8412166 -1. -1. 1.14734 -1.
OGLE-SMC-CEP-0631 -1. 2.3467077 -1. -1. 1.46774 -1.
OGLE-SMC-CEP-0680 -1. 1.4839251 -1. -1. 0.93038 -1.
OGLE-SMC-CEP-0696 -1. 2.3590320 -1. -1. 1.51055 -1.
OGLE-SMC-CEP-0708 -1. 1.2881767 -1. -1. 0.81031 -1.
OGLE-SMC-CEP-0759 -1. 1.2615577 -1. -1. 0.77058 -1.
OGLE-SMC-CEP-0797 -1. 2.6231639 -1. -1. 1.67177 -1.
OGLE-SMC-CEP-0800 -1. 1.2598151 -1. -1. 0.77044 -1.
OGLE-SMC-CEP-0828 -1. 1.1798295 -1. -1. 0.71432 -1.
OGLE-SMC-CEP-0833 -1. 1.1328768 -1. -1. 0.69237 -1.
OGLE-SMC-CEP-0841 -1. 1.3535884 -1. -1. 0.82279 -1.
OGLE-SMC-CEP-0844 -1. 1.2560634 -1. -1. 0.77034 -1.
OGLE-SMC-CEP-0866 -1. 1.7435306 -1. -1. 1.08498 -1.
OGLE-SMC-CEP-1049 -1. 1.2042215 -1. -1. 0.73670 -1.
OGLE-SMC-CEP-1053 -1. 1.2779761 -1. -1. 0.77805 -1.
OGLE-SMC-CEP-1059 -1. 1.2700607 -1. -1. 0.77625 -1.
OGLE-SMC-CEP-1119 -1. 1.6599389 -1. -1. 1.03920 -1.
OGLE-SMC-CEP-1127 -1. 1.6384644 -1. -1. 0.99687 -1.
OGLE-SMC-CEP-1138 -1. 1.4920906 -1. -1. 0.91313 -1.
OGLE-SMC-CEP-1185 -1. 1.1927513 -1. -1. 0.72661 -1.
OGLE-SMC-CEP-1248 -1. 1.1662127 -1. -1. 0.71147 -1.
OGLE-SMC-CEP-1294 -1. 1.3369590 -1. -1. 0.82015 -1.
OGLE-SMC-CEP-1317 -1. 1.2842136 -1. -1. 0.78029 -1.
OGLE-SMC-CEP-1366 -1. 2.1282850 -1. -1. 1.32464 -1.
OGLE-SMC-CEP-1482 -1. 1.3395480 -1. -1. 0.81439 -1.
OGLE-SMC-CEP-1496 -1. 1.3342061 -1. -1. 0.81374 -1.
OGLE-SMC-CEP-1516 -1. 1.9519867 -1. -1. 1.21228 -1.
OGLE-SMC-CEP-1583 -1. 3.8084367 -1. -1. 2.41266 -1.
OGLE-SMC-CEP-1710 -1. 2.1157409 -1. -1. 1.31536 -1.
OGLE-SMC-CEP-1771 -1. 2.7206559 -1. -1. 1.73880 -1.
OGLE-SMC-CEP-1773 -1. 2.0489351 -1. -1. 1.28038 -1.
OGLE-SMC-CEP-1783 -1. 1.0875835 -1. -1. 0.66933 -1.
OGLE-SMC-CEP-1802 -1. 2.6088611 -1. -1. 1.62282 -1.
OGLE-SMC-CEP-1856 -1. 1.8983413 -1. -1. 1.18132 -1.
OGLE-SMC-CEP-1870 -1. 3.9387394 -1. -1. 2.49420 -1.
OGLE-SMC-CEP-1882 -1. 1.2966217 -1. -1. 0.79477 -1.
OGLE-SMC-CEP-1975 -1. 1.9073261 -1. -1. 1.18930 -1.
OGLE-SMC-CEP-1976 -1. 1.2643771 -1. -1. 0.76771 -1.
OGLE-SMC-CEP-2009 -1. 1.9626897 -1. -1. 1.21788 -1.
OGLE-SMC-CEP-2033 -1. 1.4087298 -1. -1. 0.85870 -1.
OGLE-SMC-CEP-2047 -1. 1.2436706 -1. -1. 0.75572 -1.
OGLE-SMC-CEP-2116 -1. 1.4883663 -1. -1. 0.90330 -1.
OGLE-SMC-CEP-2126 -1. 1.3719299 -1. -1. 0.83388 -1.
OGLE-SMC-CEP-2131 -1. 2.6026949 -1. -1. 1.61749 -1.
OGLE-SMC-CEP-2178 -1. 2.4762244 -1. -1. 1.48923 -1.
OGLE-SMC-CEP-2227 -1. 2.0750326 -1. -1. 1.28786 -1.
OGLE-SMC-CEP-2253 -1. 3.4606667 -1. -1. 2.19978 -1.
OGLE-SMC-CEP-2285 -1. 2.0202528 -1. -1. 1.26065 -1.
OGLE-SMC-CEP-2299 -1. 1.2015535 -1. -1. 0.73049 -1.
OGLE-SMC-CEP-2374 -1. 1.0789223 -1. -1. 0.65799 -1.
OGLE-SMC-CEP-2433 -1. 2.3896049 -1. -1. 1.53142 -1.
OGLE-SMC-CEP-2440 -1. 1.8306570 -1. -1. 1.14309 -1.
OGLE-SMC-CEP-2497 -1. 1.1847872 -1. -1. 0.72242 -1.
OGLE-SMC-CEP-2499 -1. 1.7811237 -1. -1. 1.11349 -1.
OGLE-SMC-CEP-2501 -1. 1.2583171 -1. -1. 0.76453 -1.
OGLE-SMC-CEP-2528 -1. 1.4609104 -1. -1. 0.88543 -1.
OGLE-SMC-CEP-2536 -1. 2.3684859 -1. -1. 1.51323 -1.
OGLE-SMC-CEP-2567 -1. 2.2600668 -1. -1. 1.40280 -1.
OGLE-SMC-CEP-2593 -1. 1.2371634 -1. -1. 0.75190 -1.
OGLE-SMC-CEP-2594 -1. 2.0819211 -1. -1. 1.29534 -1.
OGLE-SMC-CEP-2595 -1. 1.2649703 -1. -1. 0.76776 -1.
OGLE-SMC-CEP-2597 -1. 2.5726789 -1. -1. 1.64171 -1.
OGLE-SMC-CEP-2627 -1. 2.0745528 -1. -1. 1.34273 -1.
OGLE-SMC-CEP-2628 -1. 1.7464352 -1. -1. 1.08771 -1.
OGLE-SMC-CEP-2681 -1. 2.0765727 -1. -1. 1.29319 -1.
OGLE-SMC-CEP-2686 -1. 1.2856602 -1. -1. 0.78507 -1.
OGLE-SMC-CEP-2805 -1. 2.2949573 -1. -1. 1.41812 -1.
OGLE-SMC-CEP-2813 -1. 2.2692601 -1. -1. 1.40764 -1.
OGLE-SMC-CEP-2860 -1. 1.4725949 -1. -1. 0.90013 -1.
OGLE-SMC-CEP-2866 -1. 0.8804043 -1. -1. 0.54133 -1.
OGLE-SMC-CEP-2883 -1. 2.6752613 -1. -1. 1.71594 -1.
OGLE-SMC-CEP-2910 -1. 2.5057931 -1. -1. 1.60888 -1.
OGLE-SMC-CEP-2941 -1. 2.9519773 -1. -1. 1.87681 -1.
OGLE-SMC-CEP-2958 -1. 1.2939533 -1. -1. 0.78923 -1.
OGLE-SMC-CEP-2987 -1. 2.4321821 -1. -1. 1.51717 -1.
OGLE-SMC-CEP-3033 -1. 2.7103260 -1. -1. 1.72613 -1.
OGLE-SMC-CEP-3040 -1. 2.4937811 -1. -1. 1.59434 -1.
OGLE-SMC-CEP-3094 -1. 2.5654060 -1. -1. 1.63465 -1.
OGLE-SMC-CEP-3098 -1. 1.3661682 -1. -1. 0.83356 -1.
OGLE-SMC-CEP-3143 -1. 1.0620663 -1. -1. 0.65056 -1.
OGLE-SMC-CEP-3172 -1. 1.6625151 -1. -1. 1.03777 -1.
OGLE-SMC-CEP-3210 -1. 1.1969483 -1. -1. 0.72979 -1.
OGLE-SMC-CEP-3239 -1. 1.7969537 -1. -1. 1.11761 -1.
OGLE-SMC-CEP-3249 -1. 1.2623139 -1. -1. 0.76783 -1.
OGLE-SMC-CEP-3292 -1. 2.5014545 -1. -1. 1.54823 -1.
OGLE-SMC-CEP-3298 -1. 2.6800762 -1. -1. 1.71245 -1.
OGLE-SMC-CEP-3303 -1. 1.8418147 -1. -1. 1.14782 -1.
OGLE-SMC-CEP-3310 -1. 1.5201935 -1. -1. 0.92163 -1.
OGLE-SMC-CEP-3312 -1. 2.1177032 -1. -1. 1.31039 -1.
OGLE-SMC-CEP-3317 -1. 2.0002752 -1. -1. 1.24891 -1.
OGLE-SMC-CEP-3319 -1. 3.0882240 -1. -1. 1.96255 -1.
OGLE-SMC-CEP-3343 -1. 1.8318190 -1. -1. 1.14485 -1.
OGLE-SMC-CEP-3349 -1. 1.9220269 -1. -1. 1.19491 -1.
OGLE-SMC-CEP-3479 -1. 1.1644777 -1. -1. 0.71180 -1.
OGLE-SMC-CEP-3493 -1. 1.7047863 -1. -1. 1.03462 -1.
OGLE-SMC-CEP-3541 -1. 1.3299756 -1. -1. 0.80978 -1.
OGLE-SMC-CEP-3576 -1. 1.5859738 -1. -1. 0.96288 -1.
OGLE-SMC-CEP-3590 -1. 2.0076729 -1. -1. 1.25296 -1.
OGLE-SMC-CEP-3624 -1. 1.4610332 -1. -1. 0.89074 -1.
OGLE-SMC-CEP-3668 -1. 2.7389344 -1. -1. 1.74712 -1.
OGLE-SMC-CEP-3789 -1. 1.4240542 -1. -1. 0.86923 -1.
OGLE-SMC-CEP-3903 -1. 0.9546274 -1. -1. 0.58594 -1.
OGLE-SMC-CEP-3913 -1. 3.0530175 -1. -1. 1.93795 -1.
OGLE-SMC-CEP-3944 -1. 2.1620896 -1. -1. 1.34740 -1.
OGLE-SMC-CEP-3977 -1. 1.5427626 -1. -1. 0.96791 -1.
OGLE-SMC-CEP-3987 -1. 3.3689343 -1. -1. 2.13927 -1.
OGLE-SMC-CEP-4011 -1. 1.8145998 -1. -1. 1.13522 -1.
OGLE-SMC-CEP-4046 -1. 2.2488468 -1. -1. 1.39805 -1.
OGLE-SMC-CEP-4061 -1. 2.5739280 -1. -1. 1.64739 -1.
OGLE-SMC-CEP-4068 -1. 2.0106132 -1. -1. 1.24761 -1.
OGLE-SMC-CEP-4157 -1. 1.2562660 -1. -1. 0.76188 -1.
OGLE-SMC-CEP-4188 -1. 1.5201383 -1. -1. 0.92474 -1.
OGLE-SMC-CEP-4205 -1. 1.9448659 -1. -1. 1.21289 -1.
OGLE-SMC-CEP-4232 -1. 1.7216842 -1. -1. 1.07399 -1.
OGLE-SMC-CEP-4250 -1. 1.4664888 -1. -1. 0.89466 -1.
OGLE-SMC-CEP-4255 -1. 2.0912447 -1. -1. 1.30739 -1.
OGLE-SMC-CEP-4262 -1. 2.0931675 -1. -1. 1.30315 -1.
OGLE-SMC-CEP-4303 -1. 1.1679174 -1. -1. 0.71343 -1.
OGLE-SMC-CEP-4316 -1. 1.2957839 -1. -1. 0.78727 -1.
OGLE-SMC-CEP-4378 -1. 2.6734979 -1. -1. 1.70783 -1.
OGLE-SMC-CEP-4388 -1. 2.0342912 -1. -1. 1.26661 -1.
OGLE-SMC-CEP-4394 -1. 1.0950183 -1. -1. 0.67155 -1.
OGLE-SMC-CEP-4395 -1. 2.8695961 -1. -1. 1.82876 -1.
OGLE-SMC-CEP-4462 -1. 2.1365599 -1. -1. 1.32489 -1.
OGLE-SMC-CEP-4587 -1. 1.1416705 -1. -1. 0.69856 -1.
OGLE-SMC-CEP-4627 -1. 3.1730516 -1. -1. 1.95779 -1.
OGLE-LMC-CEP-0315 -1. 1.7313401 -1. -1. 1.05089 -1.
OGLE-LMC-CEP-0469 -1. 2.3562402 -1. -1. 1.45958 -1.
OGLE-LMC-CEP-0534 -1. 1.7724817 -1. -1. 1.07617 -1.
OGLE-LMC-CEP-0809 -1. 1.9674550 -1. -1. 1.23446 -1.
OGLE-LMC-CEP-0849 -1. 2.2752771 -1. -1. 1.41838 -1.
OGLE-LMC-CEP-0900 -1. 2.1863313 -1. -1. 1.36162 -1.
OGLE-LMC-CEP-0953 -1. 2.4364391 -1. -1. 1.46779 -1.
OGLE-LMC-CEP-1126 -1. 1.9069542 -1. -1. 1.19406 -1.
OGLE-LMC-CEP-1216 -1. 1.9673991 -1. -1. 1.18949 -1.
OGLE-LMC-CEP-1337 -1. 2.0121331 -1. -1. 1.21800 -1.
OGLE-LMC-CEP-1612 -1. 1.7378631 -1. -1. 1.04643 -1.
OGLE-LMC-CEP-1696 -1. 1.9965025 -1. -1. 1.24725 -1.
OGLE-LMC-CEP-1874 -1. 2.3584982 -1. -1. 1.42209 -1.
OGLE-LMC-CEP-1961 -1. 1.8303348 -1. -1. 1.14057 -1.
OGLE-LMC-CEP-2126 -1. 1.8148615 -1. -1. 1.09957 -1.
OGLE-LMC-CEP-2248 -1. 2.2486464 -1. -1. 1.34788 -1.
OGLE-LMC-CEP-2254 -1. 1.8298133 -1. -1. 1.11097 -1.
OGLE-LMC-CEP-2388 -1. 1.8893875 -1. -1. 1.14492 -1.
OGLE-LMC-CEP-2554 -1. 2.5813543 -1. -1. 1.60126 -1.
OGLE-LMC-CEP-2557 -1. 2.1051924 -1. -1. 1.30230 -1.
OGLE-LMC-CEP-2713 -1. 1.8345493 -1. -1. 1.10936 -1.
OGLE-LMC-CEP-2720 -1. 2.2949390 -1. -1. 1.43043 -1.
OGLE-LMC-CEP-2755 -1. 1.8831496 -1. -1. 1.13782 -1.
OGLE-LMC-CEP-2771 -1. 1.8491142 -1. -1. 1.12178 -1.
OGLE-LMC-CEP-2779 -1. 2.0911513 -1. -1. 1.29373 -1.
OGLE-LMC-CEP-2822 -1. 2.2143002 -1. -1. 1.38029 -1.
OGLE-LMC-CEP-2899 -1. 2.3260503 -1. -1. 1.44689 -1.
OGLE-LMC-CEP-3057 -1. 2.0221146 -1. -1. 1.21873 -1.
OGLE-LMC-CEP-3360 -1. 1.8364933 -1. -1. 1.14947 -1.
SC17-146711 -1. 1.883131 -1. -1. 1.137820 -1.
SC13-165223 -1. 2.043172 -1. -1. 1.230847 -1.
SC17-39517  -1. 2.113535 -1. -1. 1.326966 -1.
SC17-126402 3.209709 2.294942 -1. -1. 1.429530 -1.
SC2-158672  -1. 2.313334 -1. -1. 1.477135 -1.
SC14-46315  -1. 2.315774 -1. -1. 1.442102 -1.
SC4-295932  -1. 4.166232 -1. -1. 2.633729 -1.
SC15-170744 -1. 4.992984 -1. -1. 3.148984 -1.
BLG-CEP-30  0.3040  0.2304 0.1830 0.1522 -1. -1.
BLG-CEP-16   -1.    0.2955 0.2340 0.1951 -1. -1.
LMC-CEP-1847 -1.    0.5795 0.4666 0.3921 -1. -1.
LMC-CEP-2147 -1.    0.5413 0.4360 0.3663 -1. -1.
LMC-CEP-3025 -1.    0.5687 0.4582 0.3850 -1. -1.
SMC-CEP-3867 -1.    0.2688 0.2147 0.1824 -1. -1.
LMC-CEP-1378 0.5150 0.3849 0.3094 -1. -1. -1.
LMC-CEP-0857 1.4630 1.0592 0.8553 -1. -1. -1.
SMC-CEP-1077 -1.    0.6565 0.5289 -1. -1. -1.
SMC-CEP-1350 -1.    0.6660 0.5379 -1. -1. -1.
