ID F 1O 2O 3O 4O 5O
OGLE-GD-DSCT-0018   0.13152629       -1.     0.08140070  0.06896097 -1. -1.
OGLE-GD-DSCT-0021   0.09766834   0.07692128  0.06186007  -1.        -1.	-1.
OGLE-GD-DSCT-0025   0.1740594    0.13310790  0.10646403  0.0896032  -1.	-1.
OGLE-GD-DSCT-0033   0.06330743   0.04894428  0.03949024  -1.        -1.	-1.
OGLE-GD-DSCT-0034   0.06369610   0.04993199  0.04106100  -1.        -1.	-1.
OGLE-GD-DSCT-0048   0.10740182   0.08293446  0.06655117  -1.        -1.	-1.
OGLE-GD-DSCT-0049   0.36141456   0.27314926  0.21699323  -1.        -1.	-1.
OGLE-LMC-DSCT-1281 -1. 0.186737690  -1. 0.125497501  -1.	-1.
OGLE-LMC-DSCT-1728 -1. 0.164127578  0.131977201  -1. -1.	-1.
OGLE-LMC-DSCT-1406 -1. 0.136436101  0.111598560  -1. -1.	-1.
OGLE-LMC-DSCT-0915 -1. -1. 0.157394291  0.131531908  -1.	-1.
OGLE-LMC-DSCT-1071 -1. -1. 0.085116541  0.072146929  -1. 	-1.
OGLE-LMC-DSCT-1531 -1. -1. 0.142628295  0.119029067  -1.	-1.
OGLE-LMC-DSCT-2056 -1. 0.174487999  -1. 0.117361095  -1.	-1.
OGLE-LMC-DSCT-2076 -1. 0.185678411  -1. 0.124767784  -1.	-1.
OGLE-LMC-DSCT-0187 0.168740114  0.129622934   -1.   -1.   -1.	-1.
OGLE-LMC-DSCT-0269 0.128060980  0.099018575   -1.   -1.   -1.	-1.
OGLE-LMC-DSCT-0454 0.166351319  0.128017215   -1.   -1.   -1.	-1.
OGLE-LMC-DSCT-0527 0.139975297  0.107919210   -1.   -1.   -1.	-1.
OGLE-LMC-DSCT-0576 0.211186960  0.165630120   -1.   -1.   -1.	-1.
OGLE-LMC-DSCT-0595 0.205152755  0.156503406   -1.   -1.   -1.	-1.
OGLE-LMC-DSCT-0625 0.193827064  0.148511738   -1.   -1.   -1.	-1.
OGLE-LMC-DSCT-0654 0.120606737  0.093579076   -1.   -1.   -1.	-1.
OGLE-LMC-DSCT-0735 0.089153931  0.069060544   -1.   -1.   -1.	-1.
OGLE-LMC-DSCT-0889 0.198260206  0.151737004   -1.   -1.   -1.	-1.
OGLE-LMC-DSCT-0949 0.129653870  0.100183967   -1.   -1.   -1.	-1.
OGLE-LMC-DSCT-1255 0.183422430  0.140441619   -1.   -1.   -1.	-1.
OGLE-LMC-DSCT-1372 0.127979891  0.098839928   -1.   -1.   -1.	-1.
OGLE-LMC-DSCT-1401 0.159686917  0.122833619   -1.   -1.   -1.	-1.
OGLE-LMC-DSCT-1536 0.107741030  0.083492449   -1.   -1.   -1.	-1.
OGLE-LMC-DSCT-1607 0.210119315  0.160535537   -1.   -1.   -1.	-1.
OGLE-LMC-DSCT-1615 0.207832105  0.161223044   -1.   -1.   -1.	-1.
OGLE-LMC-DSCT-1621 0.125892395  0.097338068   -1.   -1.   -1.	-1.
OGLE-LMC-DSCT-1889 0.152228671  0.117471541   -1.   -1.   -1.	-1.
OGLE-LMC-DSCT-1890 0.143484035  0.110730915   -1.   -1.   -1.	-1.
OGLE-LMC-DSCT-1909 0.162574676  0.124742981   -1.   -1.   -1.	-1.
OGLE-LMC-DSCT-2190 0.169826226  0.131069097   -1.   -1.   -1.	-1.
OGLE-LMC-DSCT-2297 0.160848187  0.124597276   -1.   -1.   -1.	-1.
OGLE-LMC-DSCT-2335 0.137099172  0.105674373   -1.   -1.   -1.	-1.
OGLE-LMC-DSCT-2345 0.193998152  0.148392519  0.119213838  -1.   -1.	-1.
OGLE-LMC-DSCT-2388 0.172753378  0.132792224   -1.   -1.   -1.	-1.
OGLE-LMC-DSCT-2406 0.238283539  0.182106112   -1.   -1.   -1.	-1.
OGLE-LMC-DSCT-2529 -1.          0.159707265  0.128621570  -1.   -1.	-1.
OGLE-LMC-DSCT-2585 0.222147203  0.173476569   -1.   -1.   -1.	-1.
OGLE-LMC-DSCT-0048 0.078967356  0.061827407   -1.   -1.   -1.	-1.
OGLE-LMC-DSCT-0183 0.213356549  0.163190654   -1.   -1.   -1.	-1.
OGLE-LMC-DSCT-0366 0.183989858  0.141208713   -1.   -1.   -1.	-1.
OGLE-LMC-DSCT-0377 0.262496322  0.200543008   -1.   -1.   -1.	-1.
OGLE-LMC-DSCT-0380 0.141484225  0.108958678   -1.   -1.   -1.	-1.
OGLE-LMC-DSCT-0408 0.242033258  0.184640796   -1.   -1.   -1.	-1.
OGLE-LMC-DSCT-0617 0.299147102  0.226485238   -1.   -1.   -1.	-1.
OGLE-LMC-DSCT-0662 0.403182470  0.303506386   -1.   -1.   -1.	-1.
OGLE-LMC-DSCT-0861 0.101032091  0.078341682   -1.   -1.   -1.	-1.
OGLE-LMC-DSCT-0927 0.354084070  0.267730360  0.215238808  -1.   -1.	-1.
OGLE-LMC-DSCT-0972 0.052556389  0.040957003   -1.   -1.   -1.	-1.
OGLE-LMC-DSCT-1010 0.182859334  0.140237239   -1.   -1.   -1.	-1.
OGLE-LMC-DSCT-1053 0.130999675  0.101152787   -1.   -1.   -1.	-1.
OGLE-LMC-DSCT-1086 0.293466980  0.227424967   -1.   -1.   -1.	-1.
OGLE-LMC-DSCT-1120 0.273805178  0.207704688   -1.   -1.   -1.	-1.
OGLE-LMC-DSCT-1217 0.054712714  0.042647970   -1.   -1.   -1.	-1.
OGLE-LMC-DSCT-1223 0.113454526  0.087744535   -1.   -1.   -1.	-1.
OGLE-LMC-DSCT-1368 0.219381589  0.168544233   -1.   -1.   -1.	-1.
OGLE-LMC-DSCT-1370 0.111935593  0.087439827   -1.   -1.   -1.	-1.
OGLE-LMC-DSCT-1525 0.216392233  0.165557118   -1.   -1.   -1.	-1.
OGLE-LMC-DSCT-1651 0.240666152  0.182893399   -1.   -1.   -1.	-1.
OGLE-LMC-DSCT-1679 0.180230058  0.137833094   -1.   -1.   -1.	-1.
OGLE-LMC-DSCT-1703 0.142385902  0.110137099   -1.   -1.   -1.	-1.
OGLE-LMC-DSCT-1789 0.092804357  0.071929696   -1.   -1.   -1.	-1.
OGLE-LMC-DSCT-1945 0.108462818  0.083939310   -1.   -1.   -1.	-1.
OGLE-LMC-DSCT-2101 0.292871931  0.223367391   -1.   -1.   -1.	-1.
OGLE-LMC-DSCT-2166 0.094230061  0.075064300   -1.   -1.   -1.	-1.
OGLE-LMC-DSCT-2209 0.222677657  0.170071984   -1.   -1.   -1.	-1.
OGLE-LMC-DSCT-2221 0.110510089  0.085578752   -1.   -1.   -1.	-1.
OGLE-LMC-DSCT-2316 0.165986232  0.127592940   -1.   -1.   -1.	-1.
OGLE-LMC-DSCT-2353 0.198436582  0.152522366   -1.   -1.   -1.	-1.
OGLE-LMC-DSCT-2386 0.241944080  0.184283588   -1.   -1.   -1.	-1.
OGLE-LMC-DSCT-2400 0.188030640  0.144349996   -1.   -1.   -1.	-1.
OGLE-LMC-DSCT-2465 0.118568816  0.091504307   -1.   -1.   -1. 	-1.
OGLE-LMC-DSCT-2481 0.282124491  0.214316712   -1.   -1.   -1.	-1.
OGLE-LMC-DSCT-2485 0.116308730  0.089930287   -1.   -1.   -1.	-1.
OGLE-LMC-DSCT-2513 0.221487220  0.169119556   -1.   -1.   -1.	-1.
OGLE-LMC-DSCT-2539 0.245649292  0.188505257   -1.   -1.   -1.	-1.
OGLE-LMC-DSCT-2569 0.232492922  0.177475948   -1.   -1.   -1.	-1.
OGLE-LMC-DSCT-2588 0.059265898  0.046230491   -1.   -1.   -1.	-1.
OGLE-LMC-DSCT-2733 0.276660239  0.213708710   -1.   -1.   -1.	-1.
	
	
